ODD MID SEMESTER EXAMINATION SEPTEMBER-OCTOBER,2026
SEATING PLAN
ROOM NO :- B.TECH LT-14
First row would start from left
IIIRD SEMESTER
ROW 1
SR.

ROLL.NO
B.Tech(CSE)

ROW 2

ROW 3

ROW 4

ROW 5

SR.

ROLL.NO
ROLL.NO
ROLL.NO
ROLL.NO
ROLL.NO
ROLL.NO
ROLL.NO
SR.
SR.
SR.
SR.
SR.
SR.
SR.
B.Tech(CSE)
B.Tech(CSE)
B.Tech(CSE)
B.Sc.(FT)
B.Sc.(FT)
B.Sc.(FT)
MA.ENG

B.Tech(CSE)

ROLL.NO

SR.

ROLL.NO
MA.ENG

1

2027535

11

1900451

21

2027866

31

1900462

41

2028138

51

1900474

61

2028753

71

4700081

81

2028410

91

4700091

2

2027581

12

1900452

22

2027937

32

1900463

42

2028149

52

1900475

62

2028777

72

4700082

82

2028464

92

4700092

3

2027584

13

1900453

23

2027962

33

1900465

43

2028153

53

1900476

63

2028807

73

4700083

83

2028503

93

4700093

4

2027623

14

1900454

24

2027979

34

1900466

44

2028162

54

1900477

64

2028864

74

4700084

84

2028512

94

4700094

5

2027626

15

1900455

25

2028001

35

1900467

45

2028209

55

1900478

65

2028885

75

4700085

85

2028519

95

4700095

6

2027648

16

1900456

26

2028002

36

1900469

46

2028269

56

1900479

66

2028904

76

4700086

86

2028681

96

4700096

7

2027723

17

1900457

27

2028014

37

1900470

47

2028144

57

1900480

67

2029047

77

4700087

87

2027839

97

4700097

8

2027741

18

1900458

28

2028045

38

1900471

48

2028607

58

1900481

68

2029053

78

4700088

88

2027953

98

4700098

9

2027761

19

1900459

29

2028103

39

1900472

49

2028619

59

1900482

69

2028381

79

4700089

89

2028119

99

1900484
B.Sc.(FT)

10

2027841

20

1900461

30

2028106

40

1900473

50

2028693

60

1900483

70

2028382

80

4700090

90

2028975

100

1900485
B.Sc.(FT)

LT -03

ODD MID SEMESTER EXAMINATION SEPTEMBER-OCTOBER,2026

SEATING PLAN
ROOM NO :- B.TECH CR-15
First row would start from left
ROW 1
SR.

ROLL.NO
B.Tech(CSE)

IIIRD SEMESTER
ROW 2

SR.

ROLL.NO
B.Sc.F.SCI

SR.

ROLL.NO
B.Tech(CSE)

ROW 3

SR.

ROLL.NO
B.Sc.F.SCI

SR.

ROLL.NO
B.Tech(CSE)

ROW 4

SR.

ROLL.NO
B.Sc.F.SCI

SR.

ROLL.NO
B.Tech(CSE)

SR.

ROLL.NO
B.Sc.F.SCI

1

2027546

10

6200123

19

2027995

28

6200150

37

2029041

46

6200174

55

2028649

64

6200195

2

2027591

11

6200125

20

2028005

29

6200152

38

2029060

47

6200178

56

2028661

65

6200196

3

2027704

12

6200133

21

2028029

30

6200155

39

2028393

48

6200179

57

2028678

66

6200198

4

2027731

13

6200136

22

2028037

31

6200157

40

2028432

49

6200180

58

2028698

67

6200199

5

2027753

14

6200138

23

2028051

32

6200158

41

2028504

50

6200183

59

2028712

68

6200200

6

2027765

15

6200143

24

2028063

33

6200159

42

2028424

51

6200185

60

2028744

69

6200201

7

2027778

16

6200144

25

2028102

34

6200161

43

2028996

52

6200187

61

2028802

70

6200203

8

2027921

17

6200146

26

2028219

35

6200170

44

2029013

53

6200189

62

2028823

71

6200205

9

2027941

18

6200147

27

2028287

36

6200172

45

2029015

54

6200191

63

2028911

72

6200209

LT-04

ODD MID SEMESTER EXAMINATION SEPTEMBER-OCTOBER,2026

SEATING PLAN
ROOM NO :- B.TECH CR-16
First row would start from left
ROW 1
SR.

ROLL.NO
B.Tech(CSE)

IIIRD SEMESTER
ROW 2

SR.

ROLL.NO
B.Sc.F.SCI

SR.

ROLL.NO
B.Tech(CSE)

ROW 3

SR.

ROLL.NO
B.Sc.F.SCI

SR.

ROLL.NO
B.Tech(CSE)

ROW 4

SR.

ROLL.NO
B.Sc.F.SCI

SR.

ROLL.NO
B.Tech(CSE)

SR.

ROLL.NO
B.Sc.F.SCI

1

2027513

11

6200122

21

2027751

31

6200139

41

2028143

51

6200162

61

2028627

71

6200177

2

2027587

12

6200124

22

2027785

32

6200140

42

2028195

52

6200163

62

2028993

72

6200181

3

2027597

13

6200126

23

2027811

33

6200141

43

2028203

53

6200164

63

2028633

73

6200182

4

2027630

14

6200127

24

2027820

34

6200142

44

2028254

54

6200166

64

2028694

74

6200184

5

2027653

15

6200128

25

2027844

35

6200145

45

2028259

55

6200168

65

2028780

75

6200186

6

2027708

16

6200129

26

2027891

36

6200148

46

2028285

56

6200169

66

2028808

76

6200188

7

2027712

17

6200130

27

2027958

37

6200149

47

2028482

57

6200171

67

2028843

77

6200192

8

2027729

18

6200131

28

2028033

38

6200153

48

2028502

58

6200173

68

2028889

78

6200193

9

2027732

19

6200132

29

2028110

39

6200154

49

2028513

59

6200175

69

2028919

79

6200197

10

2027737

20

6200135

30

2028127

40

6200160

50

2028516

60

6200176

70

2030387

80

6200208

LT-05

ODD MID SEMESTER EXAMINATION SEPTEMBER-OCTOBER,2026

SEATING PLAN
ROOM NO :- B.TECH CR-17
First row would start from left
ROW 1
SR.

ROLL.NO
B.Tech(CSE)

IIIRD SEMESTER
ROW 2

SR.

ROLL.NO
BA.ART

SR.

ROLL.NO
B.Tech(CSE)

ROW 3

SR.

ROLL.NO
BA.ART

SR.

ROLL.NO
B.Tech(CSE)

ROW 4

SR.

ROLL.NO
B.Sc.F.SCI

SR.

ROLL.NO
B.Tech(CSE)

SR.

ROLL.NO
B.Sc.F.SCI

1

2027514

10

4300211

19

2027934

28

4300221

37

2028213

46

6200121

55

2028858

64

6200204

2

2027567

11

4300212

20

2027947

29

4300222

38

2028215

47

6200137

56

2028897

65

6200206

3

2027569

12

4300213

21

2027956

30

4300223

39

2028264

48

6200151

57

2028909

66

6200207

4

2027636

13

4300215

22

2027967

31

4300224

40

2028290

49

6200156

58

2027942

67

6200210

5

2027669

14

4300216

23

2028092

32

4300225

41

2028606

50

6200165

59

2028374

68

6200211

6

2027829

15

4300217

24

2028115

33

4300226

42

2028658

51

6200167

60

2028377

69

6200212

7

2027902

16

4300218

25

2028132

34

4300227

43

2028739

52

6200190

61

2028401

70

4300231
BA.ART

8

2027915

17

4300219

26

2028157

35

4300228

44

2028773

53

6200194

62

2028433

71

4300232
BA.ART

9

2027916

18

4300220

27

2028206

36

4300230

45

2028776

54

6200202

63

2027529

72

ANSHIKA
DEOLI
BA.ART

LT-06

ODD MID SEMESTER EXAMINATION SEPTEMBER-OCTOBER,2026

SEATING PLAN
ROOM NO :- B.TECH CR-18
First row would start from left
ROW 1
SR.

ROLL.NO
B.Tech(CSE)

SR.

IIIRD SEMESTER

ROW 2
ROLL.NO
B.Sc.IT

SR.

ROLL.NO
B.Tech(CSE)

SR.

ROW 3
ROLL.NO
B.Sc.IT

SR.

ROLL.NO
B.Tech(CSE)

ROW 4

SR.

ROLL.NO
BBA

SR.

ROLL.NO
B.Tech(CSE)

SR.

ROLL.NO
BBA

1

2027607

11

2201051

21

2028079

31

2201061

41

2028288

51

2406921

61

2028762

71

2407170

2

2027612

12

2201052

22

2028089

32

2201063

42

2028985

52

2406936

62

2028832

72

2407172

3

2027622

13

2201053

23

2028099

33

2201064

43

2028087

53

2406950

63

2028839

73

2407194

4

2027631

14

2201054

24

2028109

34

2201065

44

2028608

54

2406959

64

2028871

74

2407381

5

2027667

15

2201055

25

2028124

35

2201066

45

2028638

55

2407025

65

2028873

75

2407420

6

2027779

16

2201056

26

2028129

36

2201067

46

2028651

56

2407048

66

2028384

76

2407514

7

2027794

17

2201057

27

2028136

37

2201068

47

2028669

57

2407055

67

2028425

77

2407529

8

2027799

18

2201058

28

2028190

38

2201070

48

2028685

58

2407074

68

2028426

78

2407566

9

2027881

19

2201059

29

2028214

39

2201072

49

2028690

59

2407098

69

2028509

79

2201074
B.Sc.IT

10

2027901

20

2201060

30

2028245

40

2201073

50

2028709

60

2407159

70

2028618

80

2201075
B.Sc.IT
LT-07

ODD MID SEMESTER EXAMINATION SEPTEMBER-OCTOBER,2026

SEATING PLAN
ROOM NO :- B.TECH LT-15
First row would start from left
ROW 1
SR.

ROLL.NO
B.Tech(CSE)

IIIRD SEMESTER

ROW 2

SR.

ROLL.NO
BBA

SR
.

B.Tech(CSE)

ROLL.NO

ROW 3

SR.

ROLL.NO
BBA

SR.

ROLL.NO
B.Tech(CSE)

ROW 4

SR.

ROLL.NO
BBA

SR.

ROLL.NO
B.Tech(CSE)

ROW 5

SR.

ROLL.NO
B.Sc.(N&D)

SR.

ROLL.NO
B.Tech(CSE)

SR.

ROLL.NO
B.Sc.(N&D

1

2027506

12

2406929

23

2027899

34

2407147

45

2028184

56

2407293

67

2028769

78

5700151

89

2028906

100

5700162

2

2027595

13

2406968

24

2027954

35

2407158

46

2028196

57

2407312

68

2028814

79

5700152

90

2028914

101

5700163

3

2027609

14

2406972

25

2028047

36

2407192

47

2028207

58

2407315

69

2028816

80

5700153

91

2029043

102

5700164

4

2027614

15

2406996

26

2028075

37

2407224

48

2028223

59

2407322

70

2028821

81

5700154

92

2027925

103

5700165

5

2027621

16

2406997

27

2028093

38

2407243

49

2028262

60

2407362

71

2028830

82

5700155

93

2028394

104

5700166

6

2027652

17

2407019

28

2028112

39

2407244

50

2028277

61

2407390

72

2028837

83

5700156

94

2028396

105

5700168

7

2027684

18

2407032

29

2028114

40

2407246

51

2028278

62

2407416

73

2028842

84

5700157

95

2028423

106

5700169

8

2027694

19

2407041

30

2028116

41

2407250

52

2028631

63

2407436

74

2028850

85

5700158

96

2028451

107

5700170

9

2027814

20

2407102

31

2028123

42

2407253

53

2028704

64

2407474

75

2028877

86

5700159

97

2028497

108

5700171

10

2027858

21

2407104

32

2028158

43

2407273

54

2028727

65

2407517

76

2028890

87

5700160

98

2028515

109

5700172

11

2027898

22

2407115

33

2028165

44

2407288

55

2028730

66

2407631

77

2028899

88

5700161

99

2028990

110

5700173

LT-08

ODD MID SEMESTER EXAMINATION SEPTEMBER-OCTOBER,2026

SEATING PLAN
ROOM NO :- CIVIL TR - 08
First row would start from left
ROW 1
SR.

ROLL.NO
B.Tech(CSE)

IIIRD SEMESTER
ROW 2

SR.

ROLL.NO
BBA

SR.

ROLL.NO
B.Tech(CSE)

ROW 3

SR.

ROLL.NO
BBA

SR.

ROLL.NO
B.Tech(CSE)

ROW 4

SR.

ROLL.NO
BALLB

SR.

ROLL.NO
B.Tech(CSE)

SR.

ROLL.NO
BBA

1

2027516

9

2406906

17

2027896

25

2407201

33

2028280

41

6700001

49

2028857

57

2407354

2

2027576

10

2406939

18

2027911

26

2407235

34

2028293

42

6700002

50

2028860

58

2407385

3

2027643

11

2406969

19

2027924

27

2407240

35

2027971

43

6700003

51

2028896

59

2407395

4

2027659

12

2406973

20

2027946

28

2407270

36

2028610

44

6700004

52

2029001

60

2407454

5

2027740

13

2407052

21

2028135

29

2407286

37

2028624

45

6700005

53

2028428

61

2407464

6

2027763

14

2407060

22

2028145

30

2407300

38

2028632

46

6700006

54

2029169

62

6700009
BA LLB

7

2027772

15

2407137

23

2028210

31

2407335

39

2028701

47

6700007

55

2028973

63

6700010
BA LLB

8

2027840

16

2407165

24

2028249

32

2407343

40

2028846

48

6700008

56

2028977

64

6700011
BA LLB
CIVIL: 03

ODD MID SEMESTER EXAMINATION SEPTEMBER-OCTOBER,2026

SEATING PLAN
ROOM NO :- CIVIL CR-20
First row would start from left
ROW 1
SR.

ROLL.NO
B.Tech(CSE)

IIIRD SEMESTER

ROW 2

ROW 3

ROW 4

ROW 5

SR.

ROLL.NO
ROLL.NO
ROLL.NO
ROLL.NO
ROLL.NO
ROLL.NO
ROLL.NO
ROLL.NO
SR.
SR.
SR.
SR.
SR.
SR.
SR.
SR.
B.Tech(CSE)
B.Tech(CSE)
B.Tech(CSE)
B.Tech(CSE)
BBA
BBA
BBA
BBA

ROLL.NO
BBA

1

2027678

11

2406909

21

2028174

31

2406992

41

2029087

51

2407127

61

2029000

71

2407264

81

2027854

91

2407405

2

2027679

12

2406913

22

2028201

32

2407000

42

2028166

52

2407128

62

2029002

72

2407280

82

2028012

92

2407415

3

2027696

13

2406914

23

2028217

33

2407028

43

2028505

53

2407132

63

2029006

73

2407350

83

2028613

93

2407428

4

2027788

14

2406924

24

2028238

34

2407042

44

2028974

54

2407144

64

2029014

74

2407352

84

2028656

94

2407435

5

2027964

15

2406925

25

2028258

35

2407043

45

2028980

55

2407146

65

2029017

75

2407356

85

2028695

95

2407452

6

2028000

16

2406944

26

2028274

36

2407072

46

2028982

56

2407148

66

2029018

76

2407357

86

2028720

96

2407458

7

2028007

17

2406946

27

2028300

37

2407100

47

2028984

57

2407212

67

2029024

77

2407364

87

2028774

97

2407481

8

2028018

18

2406958

28

2029019

38

2407106

48

2028986

58

2407216

68

2029025

78

2407369

88

2028856

98

2407491

9

2028064

19

2406967

29

2029044

39

2407111

49

2028991

59

2407247

69

2029028

79

2407372

89

2028994

99

2407496

10

2028082

20

2406974

30

2029049

40

2407126

50

2028998

60

2407259

70

2029029

80

2407402

90

2029016

100

2407719
CIVIL: 04

ODD MID SEMESTER EXAMINATION SEPTEMBER-OCTOBER,2026

SEATING PLAN

ROOM NO :- CIVIL CR-21
First row would start from left
ROW 1
SR.

ROLL.NO
B.Tech

ROW 2

ROW 3

IIIRD SEMESTER
ROW 4

ROW 5

SR.

ROLL.NO
ROLL.NO
ROLL.NO
ROLL.NO
ROLL.NO
ROLL.NO
ROLL.NO
SR.
SR.
SR.
SR.
SR.
SR.
SR.
B.Tech
B.Tech
B.COM
BBA
BBA
BBA
BBA

ROLL.NO
B.COM

SR.

ROLL.NO
BBA

1

2027510

11

2406932

21

2030394

31

2407069

41

2030388

51

2407220

61

3402804

71

2407612

81

3402958

91

2407667

2

2028034

12

2406934

22

2030395

32

2407070

42

2030396

52

2407307

62

3402850

72

2407618

82

3402989

92

2407673

3

2028311

13

2406940

23

KARAN
GUPTA

33

2407094

43

2030397

53

2407325

63

3402857

73

2407620

83

3402997

93

2407675

4

2028313

14

2406961

24

2028517

34

2407095

44

2030876

54

2407345

64

3402861

74

2407628

84

3403013

94

2407684

5

2028314

15

2406985

25

2028668

35

2407135

45

2028312

55

2407367

65

3402870

75

2407637

85

3403035

95

2407691

6

2028917

16

2406995

26

2028691

36

2407167

46

2029092

56

2407379

66

3402871

76

2407638

86

3403056

96

2407706

7

2029172

17

2407010

27

2028743

37

2407188

47

2029098

57

2407384

67

3402873

77

2407652

87

B.Tech(CSE)

97

2407722

8

2030391

18

2407021

28

2028801

38

2407197

48

2029099

58

2407389

68

3402890

78

2407655

88

B.Tech(CSE)

98

2407725

9

2030392

19

2407024

29

2028882

39

2407199

49

2030389

59

2407606

69

3402922

79

2407657

89

B.Tech(CSE)

99

2407727

10

2030393

20

2407037

30

2028978

40

2407209

50

2030390

60

2407610

70

3402943

80

2407663

90

B.Tech(CSE)

100

2407728

2030398

2028997

2029031

2029032

CIVIL: 05

ODD MID SEMESTER EXAMINATION SEPTEMBER-OCTOBER,2026

SEATING PLAN
ROOM NO :- CIVIL TR - 09
First row would start from left
ROW 1
SR.

ROLL.NO
BBA

SR.

1

2406903

9

2

2407064

3

IIIRD SEMESTER
ROW 2

SR.

ROLL.NO
BBA

SR.

3402819

17

2407203

25

10

3402829

18

2407217

2407068

11

3402830

19

4

2407085

12

3402834

5

2407103

13

6

2407166

7

8

ROW 3
SR.

ROLL.NO
BBA

SR.

3402862

33

2407484

41

26

3402867

34

2407498

2407256

27

3402869

35

20

2407284

28

3402877

3402840

21

2407330

29

14

3402853

22

2407380

2407180

15

3402854

23

2407187

16

3402859

24

ROLL.NO
B.COM

ROW 4
SR.

ROLL.NO
BBA

SR.

3402906

49

2407643

57

3402946

42

3402914

50

2407650

58

3402957

2407604

43

3402915

51

2407686

59

3402968

36

2407611

44

3402923

52

2407698

60

3402991

3402893

37

2407613

45

3402927

53

2407704

61

3402999

30

3402894

38

2407616

46

3402929

54

2407720

62

3403002

2407403

31

3402897

39

2407621

47

3402935

55

2407721

63

3403005

2407414

32

3402904

40

2407639

48

3402940

56

2407732

64

3403031

ROLL.NO
B.COM

ROLL.NO
B.COM

ROLL.NO
B.COM

CIVIL : 06

ODD MID SEMESTER EXAMINATION SEPTEMBER-OCTOBER,2026

SEATING PLAN
ROOM NO :- CIVIL CR-22
First row would start from left
ROW 1
SR.

ROLL.NO
BBA

SR.

1

2406947

9

2

2406952

3

IIIRD SEMESTER
ROW 2

SR.

ROLL.NO
BBA

SR.

3402806

17

2407145

25

10

3402808

18

2407176

2406990

11

3402809

19

4

2407029

12

3402823

5

2407030

13

6

2407049

7
8

ROW 3
SR.

ROLL.NO
BBA

SR.

3402860

33

2407340

41

26

3402874

34

2407351

2407179

27

3402891

35

20

2407195

28

3402892

3402827

21

2407226

29

14

3402835

22

2407260

2407116

15

3402844

23

2407120

16

3402849

24

ROLL.NO
B.COM

ROW 4
SR.

ROLL.NO
BBA

SR.

3402945

49

2407623

57

3402988

42

3402952

50

2407660

58

3402992

2407377

43

3402966

51

2407689

59

3402995

36

2407424

44

3402967

52

2407694

60

3402998

3402908

37

2407426

45

3402975

53

2407700

61

3403009

30

3402911

38

2407430

46

3402983

54

2407714

62

3403012

2407298

31

3402920

39

2407560

47

3402984

55

2407717

63

3403020

2407331

32

3402938

40

2407602

48

3402987

56

2407742

64

3403030

ROLL.NO
B.COM

ROLL.NO
B.COM

ROLL.NO
B.COM

CIVIL : 07

ODD MID SEMESTER EXAMINATION SEPTEMBER-OCTOBER,2026

SEATING PLAN
ROOM NO :- CIVIL CR-24
First row would start from left
ROW 1
SR.

ROLL.NO
BBA

SR.

1

2406905

11

2

2406920

3

IIIRD SEMESTER

ROW 2

ROW 3

ROW 4

SR.

ROLL.NO
ROLL.NO
ROLL.NO
SR.
SR.
SR.
B.COM
BBA
BBA

ROLL.NO

3402802

21

2407118

31

3402846

41

2407305

51

12

3402811

22

2407155

32

3402851

42

2407316

2406926

13

3402814

23

2407162

33

3402865

43

4

2406938

14

3402820

24

2407214

34

3402866

5

2406942

15

3402821

25

2407236

35

6

2406979

16

3402832

26

2407241

7

2407046

17

3402836

27

8

2407079

18

3402837

9

2407112

19

10

2407113

20

ROW 5

SR.

ROLL.NO
SR.
BBA

ROLL.NO

3402907

61

2407401

71

52

3402909

62

2407412

2407319

53

3402913

63

44

2407321

54

3402918

3402876

45

2407328

55

36

3402884

46

2407342

2407267

37

3402885

47

28

2407277

38

3402895

3402843

29

2407290

39

3402845

30

2407301

40

ROLL.NO
B.COM

SR.

ROLL.NO
BBA

SR.

3402960

81

2407479

91

3403000

72

3402963

82

2407490

92

3403001

2407427

73

3402972

83

2407526

93

3403014

64

2407434

74

3402973

84

2407608

94

3403017

3402919

65

2407440

75

3402978

85

2407622

95

3403021

56

3402948

66

2407451

76

3402979

86

2407668

96

3403022

2407355

57

3402950

67

2407462

77

3402985

87

2407683

97

3403024

48

2407363

58

3402953

68

2407467

78

3402986

88

2407711

98

3403025

3402896

49

2407370

59

3402955

69

2407471

79

3402993

89

2407712

99

3403029

3402902

50

2407399

60

3402956

70

2407472

80

3402994

90

2407715

100

3403041

B.COM

B.COM

ROLL.NO
B.COM

CIVIL: 08

ODD MID SEMESTER EXAMINATION SEPTEMBER-OCTOBER,2026

SEATING PLAN
ROOM NO :- CIVIL: 09 (CR-25)

First row would start from left
ROW 1

ROW 2

ROW 3

IIIRD SEMESTER

ROW 4

SR.

ROLL.NO
ROLL.NO
ROLL.NO
ROLL.NO
SR.
SR.
SR.
B.COM
B.COM
BBA
BBA

SR.

ROLL.NO
ROLL.NO
SR.
B.COM
BBA

SR.

ROLL.NO
BBA

SR.

1

2406907

11

3402810

21

2407131

31

3402842

41

2407254

51

3402888

61

2407391

71

2

2406908

12

3402815

22

2407133

32

3402847

42

2407265

52

3402901

62

2407400

3

2406999

13

3402816

23

2407136

33

3402852

43

2407278

53

3402921

63

4

2407015

14

3402818

24

2407149

34

3402855

44

2407303

54

3402924

5

2407034

15

3402824

25

2407181

35

3402858

45

2407324

55

6

2407036

16

3402826

26

2407185

36

3402863

46

2407326

7

2407063

17

3402831

27

2407186

37

3402868

47

8

2407066

18

3402833

28

2407225

38

3402879

9

2407082

19

3402838

29

2407230

39

10

2407093

20

3402841

30

2407231

40

ROW 5
SR.

ROLL.NO
ROLL.NO
SR.
B.COM
BBA

3402941

81

2407640

91

3402982

72

3402947

82

2407651

92

3403003

2407417

73

3402949

83

2407661

93

3403004

64

2407466

74

3402951

84

2407666

94

3403006

3402925

65

2407497

75

3402954

85

2407669

95

3403010

56

3402926

66

2407520

76

3402961

86

2407690

96

3403015

2407339

57

3402932

67

2407525

77

3402965

87

2407702

97

3403016

48

2407346

58

3402933

68

2407555

78

3402971

88

2407703

98

3403023

3402881

49

2407374

59

3402934

69

2407630

79

3402980

89

2407724

99

3403026

3402886

50

2407375

60

3402936

70

2407633

80

3402981

90

2407734

100

3403033

ROLL.NO
B.COM

CIVIL: 09

ODD MID SEMESTER EXAMINATION SEPTEMBER-OCTOBER,2026

SEATING PLAN
ROOM NO :- CIVIL CR - 23
First row would start from left
ROW 1
SR.

ROLL.NO
BBA

SR.

1

2406915

9

2

2406949

3

IIIRD SEMESTER
ROW 2

SR.

ROLL.NO
BBA

SR.

3402801

17

2407130

25

10

3402805

18

2407134

2406953

11

3402807

19

4

2406983

12

3402812

5

2406993

13

6

2407031

7

8

ROW 3
SR.

ROLL.NO
BBA

SR.

3402856

33

2407238

41

26

3402864

34

2407292

2407150

27

3402872

35

20

2407177

28

3402875

3402817

21

2407183

29

14

3402825

22

2407191

2407051

15

3402828

23

2407061

16

3402848

24

ROLL.NO
B.COM

ROW 4
SR.

ROLL.NO
BBA

SR.

3402898

49

2407460

57

3402976

42

3402899

50

2407488

58

3402996

2407296

43

3402903

51

2407494

59

3403007

36

2407310

44

3402905

52

2407502

60

3403018

3402878

37

2407365

45

3402910

53

2407505

61

3403032

30

3402880

38

2407404

46

3402917

54

2407680

62

3403042

2407206

31

3402883

39

2407418

47

3402942

55

2407699

63

3403049

2407219

32

3402887

40

2407422

48

3402959

56

2407710

64

3403050

ROLL.NO
B.COM

ROLL.NO
B.COM

ROLL.NO
B.COM

CIVIL : 10

ODD MID SEMESTER EXAMINATION SEPTEMBER-OCTOBER,2026

SEATING PLAN
ROOM NO :- GEU CR-26
First row would start from left
ROW 1

IIIRD SEMESTER

ROW 2

SR.

ROLL.NO SR
BBA
.

ROLL.NO

1

2406904

12

2

2406912

3

ROW 3

SR.

ROLL.NO
SR.
BBA

ROLL.NO

3402803

23

2407016

34

13

3402813

24

2407022

2406935

14

3402822

25

4

2406955

15

3402882

5

2406956

16

6

2406963

7

ROW 4

ROW 5

SR.

ROLL.NO
ROLL.NO
ROLL.NO
ROLL.NO
ROLL.NO
SR.
SR.
SR.
SR.
SR.
MA.APP PSY
MA.APP PSY
BBA
BBA
BBA

ROLL.NO
BA.SOCI

3403027

45

2407208

56

4500151

67

2407449

78

4500162

89

2407645

100

5500071

35

3403028

46

2407245

57

4500152

68

2407473

79

4500163

90

2407654

101

5500072

2407040

36

3403034

47

2407274

58

4500153

69

2407475

80

4500164

91

2407670

102

5500073

26

2407059

37

3403036

48

2407283

59

4500154

70

2407486

81

4500165

92

2407676

103

5500075

3402889

27

2407062

38

3403037

49

2407317

60

4500155

71

2407495

82

4500166

93

2407679

104

5500076

17

3402900

28

2407084

39

3403038

50

2407360

61

4500156

72

2407519

83

4500167

94

2407681

105

5500077

2406964

18

3402916

29

2407091

40

3403039

51

2407361

62

4500157

73

2407619

84

4500168

95

2407687

106

3403051
B.COM

8

2406965

19

3402931

30

2407114

41

3403040

52

2407368

63

4500158

74

2407627

85

4500169

96

2407696

107

3403052
B.COM

9

2406986

20

3402969

31

2407163

42

3403043

53

2407376

64

4500159

75

2407632

86

4500172

97

2407697

108

3403054
B.COM

10

2406987

21

3402977

32

2407178

43

3403046

54

2407398

65

4500160

76

2407634

87

4500174

98

2407733

109

3403055
B.COM

11

2406988

22

3403011

33

2407200

44

3403048

55

2407423

66

4500161

77

2407636

88

99

2407744

110

3403057
B.COM

B.COM

B.COM

GEU-04

ODD MID SEMESTER EXAMINATION SEPTEMBER-OCTOBER,2026

SEATING PLAN
ROOM NO :- GEU CR-27
First row would start from left
ROW 1

IIIRD SEMESTER

ROW 2

ROW 3

ROW 4

ROW 5

ROW 6

SR.

ROLL.NO
BBA

SR.

ROLL.NO
BCA

SR.

ROLL.NO
BBA

SR
.

ROLL.NO
BCA

SR.

ROLL.NO
BBA

SR.

ROLL.NO
BCA

SR
.

ROLL.NO
BBA

SR.

ROLL.NO
BCA

SR.

ROLL.NO
BBA

SR.

ROLL.NO
BCA

SR.

ROLL.NO
BBA

SR
.

ROLL.NO
BCA

1

2406928

9

2105608

17

2407053

25

2105674

33

2407108

41

2105726

49

2407223

57

2105768

65

2407386

73

2105793

81

2407646

89

2105844

2

2406945

10

2105631

18

2407056

26

2105684

34

2407129

42

2105739

50

2407233

58

2105769

66

2407392

74

2105799

82

2407647

90

2105845

3

2406960

11

2105640

19

2407058

27

2105689

35

2407139

43

2105741

51

2407258

59

2105773

67

2407413

75

2105803

83

2407671

91

2105850

4

2406984

12

2105647

20

2407065

28

2105693

36

2407141

44

2105744

52

2407282

60

2105775

68

2407429

76

2105804

84

2407695

92

2105851

5

2407002

13

2105653

21

2407067

29

2105698

37

2407143

45

2105749

53

2407299

61

2105777

69

2407437

77

2105812

85

2407701

93

2105852

6

2407018

14

2105666

22

2407073

30

2105700

38

2407152

46

2105752

54

2407309

62

2105780

70

2407439

78

2105814

86

2407705

94

2105857

7

2407023

15

2105667

23

2407099

31

2105712

39

2407168

47

2105755

55

2407329

63

2105783

71

2407531

79

2105833

87

2407708

95

2105858

8

2407045

16

2105673

24

2407107

32

2105717

40

2407222

48

2105763

56

2407382

64

2105785

72

2407617

80

2105840

88

2407718

96

2105859

GEU-04

ODD MID SEMESTER EXAMINATION SEPTEMBER-OCTOBER,2026

SEATING PLAN
ROOM NO :- GEU CR-28
First row would start from left
ROW 1

ROW 2

ROW 3

IIIRD SEMESTER
ROW 4

ROW 5

SR.

ROLL.NO
SR.
BBA

ROLL.NO
BCA

SR.

ROLL.NO
SR.
BBA

ROLL.NO
BCA

SR.

ROLL.NO
SR.
BBA

ROLL.NO
BCA

SR.

ROLL.NO
SR.
BBA

ROLL.NO
BCA

SR.

ROLL.NO
SR.
BBA

ROLL.NO
BCA

1

2406901

11

2105606

21

2407081

31

2105646

41

2407269

51

2105690

61

2407421

71

2105767

81

2407605

91

2105813

2

2406910

12

2105607

22

2407089

32

2105658

42

2407271

52

2105694

62

2407455

72

2105776

82

2407614

92

2105826

3

2406957

13

2105609

23

2407090

33

2105659

43

2407287

53

2105704

63

2407456

73

2105782

83

2407625

93

2105829

4

2406978

14

2105610

24

2407096

34

2105661

44

2407294

54

2105707

64

2407469

74

2105789

84

2407644

94

2105830

5

2407004

15

2105623

25

2407122

35

2105665

45

2407314

55

2105719

65

2407470

75

2105794

85

2407648

95

2105836

6

2407005

16

2105625

26

2407189

36

2105669

46

2407318

56

2105722

66

2407483

76

2105795

86

2407662

96

2105841

7

2407014

17

2105627

27

2407204

37

2105672

47

2407353

57

2105733

67

2407485

77

2105796

87

2407664

97

2105842

8

2407020

18

2105633

28

2407205

38

2105678

48

2407387

58

2105734

68

2407503

78

2105797

88

2407678

98

2105848

9

2407026

19

2105635

29

2407227

39

2105683

49

2407397

59

2105757

69

2407524

79

2105801

89

2407723

99

2105864

10

2407038

20

2105636

30

2407261

40

2105685

50

2407409

60

2105758

70

2407603

80

2105806

90

2407735

100

2105865

GEU: 05

ODD MID SEMESTER EXAMINATION SEPTEMBER-OCTOBER,2026

SEATING PLAN
ROOM NO :- GEU CR -29
First row would start from left
ROW 1

IIIRD SEMESTER
ROW 2

ROW 3

ROW 4

SR.

ROLL.NO
BBA

SR.

ROLL.NO
BCA

SR.

ROLL.NO
BBA

SR.

ROLL.NO
BCA

SR.

ROLL.NO
BBA

SR.

ROLL.NO
BCA

SR.

ROLL.NO
BBA

SR.

ROLL.NO
BCA

1

2406902

11

2105613

21

2407119

31

2105649

41

2407308

51

2105729

61

2407642

71

2105771

2

2406916

12

2105614

22

2407157

32

2105652

42

2407313

52

2105731

62

2407649

72

2105774

3

2406927

13

2105615

23

2407175

33

2105655

43

2407396

53

2105735

63

2407659

73

2105778

4

2406931

14

2105619

24

2407232

34

2105660

44

2407407

54

2105737

64

2407665

74

2105790

5

2406977

15

2105620

25

2407255

35

2105677

45

2407441

55

2105742

65

2407707

75

2105800

6

2407008

16

2105628

26

2407263

36

2105696

46

2407457

56

2105748

66

2407709

76

2105807

7

2407039

17

2105629

27

2407275

37

2105705

47

2407601

57

2105750

67

2407716

77

2105808

8

2407071

18

2105637

28

2407295

38

2105709

48

2407615

58

2105754

68

2407729

78

2105810

9

2407080

19

2105642

29

2407302

39

2105713

49

2407626

59

2105762

69

2407730

79

2105827

10

2407088

20

2105643

30

2407304

40

2105721

50

2407635

60

2105765

70

2407739

80

2105843

GEU -06

ODD MID SEMESTER EXAMINATION SEPTEMBER-OCTOBER,2026

SEATING PLAN
ROOM NO :- GEU CR-30
First row would start from left
ROW 1

IIIRD SEMESTER

ROW 2

ROW 3

ROW 4

ROW 5

SR.

ROLL.NO
SR.
BBA

ROLL.NO
BCA

SR.

ROLL.NO
SR.
BBA

ROLL.NO
BCA

SR.

ROLL.NO
SR.
BBA

ROLL.NO
BCA

SR.

ROLL.NO
SR.
BBA

ROLL.NO
BCA

SR.

ROLL.NO
SR.
BBA

ROLL.NO
BCA

1

2406911

12

2105602

23

2407007

34

2105679

45

2407153

56

2105718

67

2407291

78

2105788

89

2407468

100

2105838

2

2406917

13

2105616

24

2407011

35

2105680

46

2407154

57

2105728

68

2407327

79

2105791

90

2407477

101

2105846

3

2406919

14

2105617

25

2407013

36

2105687

47

2407184

58

2105732

69

2407332

80

2105802

91

2407482

102

2105853

4

2406937

15

2105622

26

2407033

37

2105688

48

2407190

59

2105736

70

2407347

81

2105809

92

2407493

103

2105855

5

2406948

16

2105630

27

2407050

38

2105692

49

2407196

60

2105745

71

2407348

82

2105815

93

2407501

104

2105861

6

2406982

17

2105632

28

2407057

39

2105695

50

2407202

61

2105747

72

2407359

83

2105818

94

2407509

105

2105868

7

2406991

18

2105641

29

2407078

40

2105697

51

2407213

62

2105751

73

2407383

84

2105822

95

2407540

106

2105875

8

2406994

19

2105648

30

2407101

41

2105699

52

2407234

63

2105756

74

2407408

85

2105831

96

2407554

107

2105878

9

2407001

20

2105650

31

2407123

42

2105703

53

2407249

64

2105770

75

2407433

86

2105832

97

2407607

108

2105883

10

2407003

21

2105662

32

2407140

43

2105706

54

2407257

65

2105772

76

2407445

87

2105834

98

2407641

109

2105886

11

2407006

22

2105664

33

2407142

44

2105715

55

2407268

66

2105786

77

2407448

88

2105837

99

2407653

110

2106343

GEU 07

ODD MID SEMESTER EXAMINATION SEPTEMBER-OCTOBER,2026

SEATING PLAN
ROOM NO :- GEU CR - 31

First row would start from left
ROW 1

IIIRD SEMESTER
ROW 2

ROW 3

ROW 4

SR.

ROLL.NO
BBA

SR.

ROLL.NO
BCA

SR.

ROLL.NO
BBA

SR.

ROLL.NO
BCA

SR.

ROLL.NO
BBA

SR.

ROLL.NO
BCA

SR.

ROLL.NO
BBA

SR.

ROLL.NO
BCA

1

2406933

9

2105621

17

2407087

25

2105682

33

2407336

41

2105760

49

2407568

57

2105825

2

2406941

10

2105626

18

2407121

26

2105702

34

2407438

42

2105761

50

2407629

58

2105828

3

2406966

11

2105639

19

2407124

27

2105711

35

2407459

43

2105764

51

2407656

59

2105839

4

2407009

12

2105644

20

2407160

28

2105714

36

2407506

44

2105766

52

2407658

60

2105847

5

2407017

13

2105645

21

2407164

29

2105723

37

2407508

45

2105787

53

2407677

61

2105854

6

2407035

14

2105654

22

2407174

30

2105727

38

2407530

46

2105792

54

2407685

62

2105860

7

2407075

15

2105670

23

2407210

31

2105738

39

2407559

47

2105816

55

2407693

63

2105867

8

2407086

16

2105676

24

2407242

32

2105746

40

2407565

48

2105817

56

2407738

64

2105872

GEU : 08

ODD MID SEMESTER EXAMINATION SEPTEMBER-OCTOBER,2026

SEATING PLAN

ROOM NO :- GEU CR-43
First row would start from left
ROW 1

IIIRD SEMESTER

ROW 2

ROW 3

ROW 4

ROW 5

SR.

ROLL.NO
SR.
BBA

ROLL.NO
BCA

SR ROLL.NO
SR.
.
BBA

ROLL.NO
BCA

SR.

ROLL.NO
SR.
BBA

ROLL.NO
BCA

SR.

ROLL.NO
SR.
BBA

ROLL.NO
BCA

SR.

ROLL.NO
SR.
BBA

ROLL.NO
BCA

1

2406922

11

2105601

21

2407211

31

2105701

41

2407371

51

2105820

61

2407453

71

2105882

81

2407533

91

2106493

2

2406923

12

2105605

22

2407228

32

2105708

42

2407373

52

2105824

62

2407461

72

2105884

82

2407536

92

2106495

3

2406930

13

2105611

23

2407248

33

2105710

43

2407388

53

2105849

63

2407487

73

2105885

83

2407537

93

2106496

4

2406951

14

2105624

24

2407276

34

2105725

44

2407394

54

2105862

64

2407499

74

2106483

84

2407552

94

2106499

5

2406954

15

2105634

25

2407279

35

2105730

45

2407431

55

2105863

65

2407507

75

2106485

85

2407553

95

2106500

6

2406971

16

2105638

26

2407281

36

2105740

46

2407432

56

2105866

66

2407510

76

2106487

86

2407563

96

RACHIT TEJAN

7

2406998

17

2105663

27

2407306

37

2105781

47

2407442

57

2105871

67

2407512

77

2106488

87

2407624

97

2106001
BCA(AI&DS)

8

2407110

18

2105668

28

2407320

38

2105784

48

2407446

58

2105874

68

2407515

78

2106489

88

2407731

98

2106027
BCA(AI&DS)

9

2407138

19

2105671

29

2407333

39

2105805

49

2407447

59

2105877

69

2407521

79

2106490

89

2407736

99

2106173
BCA(AI&DS)

10

2407182

20

2105691

30

2407344

40

2105811

50

2407450

60

2105880

70

2407523

80

2106492

90

2407746

100

2106198
BCA(AI&DS)

GEU: 09

ODD MID SEMESTER EXAMINATION SEPTEMBER-OCTOBER,2026
SEATING PLAN
ROOM NO :- GEU 10
IIIRD SEMESTER
First row would start from left
ROW 1
ROLL.NO
ROLL.NO
SR.
SR.
SR.
BCA(AI&DS)
BBA

ROW 2
ROLL.NO
BBA

ROW 3
SR.

ROLL.NO
BCA(AI&DS)

SR.

ROLL.NO
BBA

SR.

ROLL.NO
BCA(AI&DS)

SR.

ROW 4
ROLL.NO
SR.
BBA

BCA(AI&DS)

ROLL.NO

1

2407532

8

2105985

15

2407546

22

2106108

29

2407557

36

2106309

43

2407745

47

2106372

2

2407534

9

2105995

16

2407547

23

2106142

30

2407558

37

2106317

44

2407763

48

2106386

3

2407535

10

2106048

17

2407548

24

2106174

31

2407562

38

2106327

45

2407769

49

2106389

4

2407539

11

2106056

18

2407549

25

2106175

32

2407564

39

2106335

46

2407771

50

2106393

5

2407542

12

2106084

19

2407550

26

2106182

33

2407567

40

2106351

6

2407543

13

2106088

20

2407551

27

2106218

34

2407569

41

2106360

7

2407545

14

2106099

21

2407556

28

2106221

35

2407570

42

2106368

GEU 10

ODD MID SEMESTER EXAMINATION SEPTEMBER-OCTOBER,2026

SEATING PLAN
ROOM NO :- OLD MCA CR-32

First row would start from left
ROW 1
SR.

ROLL.NO
BCA(AI&DS)

IIIRD SEMESTER

ROW 2

SR.

ROLL.NO
B.Tech(ECE)

SR.

ROLL.NO
BCA(AI&DS)

SR.

ROW 3
ROLL.NO
SR.
B.Tech(ECE)

ROLL.NO
BCA(AI&DS)

SR.

ROW 4
ROLL.NO
SR.
B.Tech(ECE)

ROLL.NO
BCA(AI&DS)

SR.

ROLL.NO
BBA

1

2105987

9

2029112

17

2106136

25

2029151

33

2106228

40

2029171

47

2106301

54

2407761

2

2106018

10

2029116

18

2106143

26

2029153

34

2106236

41

2029173

48

2106342

55

2407766

3

2106044

11

2029128

19

2106149

27

2029154

35

2106239

42

2029211

49

2106350

56

2407767

4

2106050

12

2029129

20

2106154

28

2029158

36

2106247

43

2029220

50

2106375

57

2407768

5

2106082

13

2029131

21

2106164

29

2029160

37

2106257

44

2029252

51

2106390

58

2407772

6

2106089

14

2029141

22

2106171

30

2029162

38

2106278

45

2029150

52

2106428

59

2407776

7

2106120

15

2029145

23

2106185

31

2029165

39

2106288

46

53

2106445

60

8

2106124

16

2029149

24

2106195

32

2029166

OLD MCA CR 01

ODD MID SEMESTER EXAMINATION SEPTEMBER-OCTOBER,2026

SEATING PLAN
ROOM NO :- OLD MCA CR-33
First row would start from left
ROW 1
SR.

ROLL.NO
BCA(AI&DS)

IIIRD SEMESTER

ROW 2

ROLL.NO
ROLL.NO
SR. M.Sc.APPL SR.
SR.
BCA(AI&DS)

GEOLO

ROW 3
ROLL.NO

M.Sc.APPL GEOLO

SR.

ROLL.NO
BCA(AI&DS)

ROW 4

SR. ROLL.NO SR.

ROLL.NO
BCA(AI&DS)

ROW 5

SR. ROLL.NO SR.

ROLL.NO
BCA(AI&DS)

SR. ROLL.NO

1

2106052

5

5900081

9

2106139

14

5900085

19

2106213

24

29

2106299

34

39

2106347

43

2

2106066

6

5900082

10

2106141

15

5900086

20

2106238

25

30

2106303

35

40

2106348

44

3

2106106

7

5900083

11

2106144

16

5900087

21

2106269

26

31

2106316

36

41

2106414

45

4

2106115

8

5900084

12

2106179

17

5900088

22

2106273

27

32

2106332

37

42

2106437

46

13

2106208

18

23

2106279

28

33

2106345

38

OLD MCA CR 02

ODD MID SEMESTER EXAMINATION SEPTEMBER-OCTOBER,2026

SEATING PLAN
ROOM NO :- OLD MCA CR-34
First row would start from left
ROW 1
SR.

ROLL.NO
BCA(AI&DS)

SR.

IIIRD SEMESTER

ROW 2
ROLL.NO
M.Sc Bioin

SR.

ROLL.NO
BCA(AI&DS)

SR.

ROW 3
ROLL.NO
M.Sc Bioin

SR.

ROLL.NO
BCA(AI&DS)

SR.

ROW 4
ROLL.NO
M.Sc Bioin

SR.

ROLL.NO
BCA(AI&DS)

SR.

ROW 5
ROLL.NO
M.Sc Bioin

ROLL.NO
SR. ROLL.NO SR.
M.Sc Bioin

BCA(AI&DS)

1

2105988

6

4600031

11

2106069

16

4600036

21

2106122

26

4600041

31

2106210

36

4600046

41

2106270

46

4600051

2

2106000

7

4600032

12

2106071

17

4600037

22

2106126

27

4600042

32

2106212

37

4600047

42

2106271

47

4600052

3

2106012

8

4600033

13

2106102

18

4600038

23

2106132

28

4600043

33

2106252

38

4600048

43

2106291

48

M.Sc.(MICR
)

4

2106051

9

4600034

14

2106103

19

4600039

24

2106156

29

4600044

34

2106253

39

4600049

44

2106323

49

M.Sc.(MICR
)

5

2106057

10

4600035

15

2106114

20

4600040

25

2106194

30

4600045

35

2106266

40

4600050

45

2106444

50

1800504

1800520

OLD MCA CR 03

ODD MID SEMESTER EXAMINATION SEPTEMBER-OCTOBER,2026

SEATING PLAN
ROOM NO :- OLD MCA CR-35
First row would start from left
ROW 1
SR.

ROLL.NO
BCA(AI&DS)

IIIRD SEMESTER
ROW 2

SR.

ROLL.NO
M.Sc.(MICR)

SR.

ROLL.NO
BCA(AI&DS)

SR.

ROW 3
ROLL.NO
SR.
M.Sc.(MICR)

ROLL.NO
BCA(AI&DS)

SR.

ROW 4
ROLL.NO
M.Sc.(MICR)

SR.

ROLL.NO
BCA(AI&DS)

SR.

ROLL.NO
M.Sc.(MICR)

1

2105996

9

1800501

17

2106123

25

1800511

33

2106189

41

1800519

49

2106296

57

1800528

2

2106020

10

1800502

18

2106129

26

1800512

34

2106204

42

1800521

50

2106305

58

1800529

3

2106031

11

1800503

19

2106131

27

1800513

35

2106207

43

1800522

51

2106307

59

1800530

4

2106034

12

1800505

20

2106133

28

1800514

36

2106224

44

1800523

52

2106313

60

1800531

5

2106065

13

1800506

21

2106152

29

1800515

37

2106229

45

1800524

53

2106320

61

1800532

6

2106072

14

1800507

22

2106159

30

1800516

38

2106242

46

1800525

54

2106322

62

1800533

7

2106094

15

1800508

23

2106170

31

1800517

39

2106259

47

1800526

55

2106382

63

5800081
M.Sc(CHEM)

8

2106100

16

1800510

24

2106183

32

1800518

40

2106282

48

1800527

56

2106415

64

5800082
M.Sc(CHEM)
OLD MCA CR 05

ODD MID SEMESTER EXAMINATION SEPTEMBER-OCTOBER,2026

SEATING PLAN
ROOM NO :- OLD MCA CR-36
First row would start from left
ROW 1
ROLL.NO
SR.

BCA
AI&DS)

SR.

1

2105981

7

2

2105984

3

ROW 2
ROLL.NO

ROLL.NO
SR.

BCA
AI&DS)

SR.

2029233

13

2106085

19

8

2029235

14

2106104

2105997

9

2029239

15

4

2106030

10

2029241

5

2106039

11

6

2106074

12

ROW 3
ROLL.NO

ROLL.NO
SR.

BCA
AI&DS)

SR.

2029245

25

2106168

31

20

2029248

26

2106181

2106117

21

2029250

27

16

2106153

22

2029253

2029243

17

2106163

23

2029244

18

2106167

24

B.Tech(ME)

ROW 4
ROLL.NO

ROW 5
ROLL.NO

ROW 6
ROLL.NO

SR.

BCA
AI&DS)

SR.

ROLL.NO
M.Sc(F&N)

SR.

BCA
AI&DS)

SR.

ROLL.NO
M.Sc(F&N)

2029268

49

2106281

55

1500021

61

2106394

67

1500027

44

2029236

50

2106286

56

1500022

62

2106409

68

1500028

2106267

45

2029238

51

2106298

57

1500023

63

2106423

69

1500029

40

2106272

46

2029246

52

2106337

58

1500024

64

2106434

70

1500030

2029259

41

2106276

47

2029247

53

2106366

59

1500025

65

2106448

71

2029254
B.Tech(ME)

2029267

42

2106277

48

2029249

54

2106385

60

1500026

66

2106461

72

ROLL.NO

SR.

BCA
AI&DS)

SR.

2029263

37

2106214

43

32

2029265

38

2106246

2106193

33

2029266

39

28

2106197

34

2029240

2029260

29

2106200

35

2029262

30

2106206

36

B.Tech(ME)

IIIRD SEMESTER

B.Tech(ME)

ROLL.NO
B.Tech(ME)

OLD MCA CR 06

ODD MID SEMESTER EXAMINATION SEPTEMBER-OCTOBER,2026

SEATING PLAN
ROOM NO :- OLD MCA CR-37
First row would start from left
ROW 1
SR.

ROLL.NO
BCA(AI&DS)

IIIRD SEMESTER

ROW 2

SR.

ROLL.NO
B.Sc.FT

SR.

ROLL.NO
BCA(AI&DS)

ROW 3

SR.

ROLL.NO
B.Sc.FT

SR.

ROLL.NO
BCA(AI&DS)

SR.

ROLL.NO
M.Sc.FT

1

2105991

9

4400251

17

2106216

25

4400259

33

2106334

41

4400268

2

2106003

10

4400252

18

2106234

26

4400260

34

2106344

42

4400269

3

2106055

11

4400253

19

2106240

27

4400261

35

2106363

43

4400270

4

2106086

12

4400254

20

2106256

28

4400262

36

2106364

44

4400271

5

2106095

13

4400255

21

2106284

29

4400263

37

2106370

45

4400272

6

2106187

14

4400256

22

2106294

30

4400265

38

2106384

46

4200081
M.Sc(EVS)

7

2106192

15

4400257

23

2106311

31

4400266

39

2106432

47

4200082
M.Sc(EVS)

8

2106196

16

4400258

24

2106333

32

4400267

40

2106433

48

4200083
M.Sc(EVS)

OLD MCA CR 07

ODD MID SEMESTER EXAMINATION SEPTEMBER-OCTOBER,2026

SEATING PLAN
ROOM NO :- OLD MCA CR- 38
First row would start from left
ROW 1
SR.

ROLL.NO
M.Tech

SR.

1

1602551

9

2

1602554

3

ROW 2
SR.

ROLL.NO
M.Tech

SR.

2105999

17

1602563

25

10

2106006

18

1602565

1602555

11

2106036

19

4

1602556

12

2106045

5

1602557

13

6

1602558

7

8

ROW 3
SR.

ROLL.NO
M.Tech

SR.

2106083

33

1602577

41

26

2106097

34

1602578

1602566

27

2106113

35

20

1602567

28

2106116

2106047

21

1602570

29

14

2106058

22

1602571

1602559

15

2106062

23

1602561

16

2106081

24

ROLL.NO
BCA(AI&DS)

IIIRD SEMESTER
ROW 4
SR.

ROLL.NO
M.Tech

SR.

2106254

49

1602621

57

2106357

42

2106280

50

1602622

58

2106380

1602580

43

2106283

51

1602623

59

2106388

36

1602582

44

2106289

52

1602611

60

2106395

2106137

37

1602583

45

2106306

53

1602612

61

2106396

30

2106202

38

1602584

46

2106326

54

1602625

62

2106397

1602572

31

2106235

39

1602585

47

2106339

55

1602626

63

2106411

1602575

32

2106250

40

1602586

48

2106340

56

1602627

64

2106416

ROLL.NO
BCA(AI&DS)

ROLL.NO
BCA(AI&DS)

ROLL.NO
BCA(AI&DS)

OLD MCA CR 08

ODD MID SEMESTER EXAMINATION SEPTEMBER-OCTOBER,2026

SEATING PLAN
ROOM NO :- OLD MCA CR 46
First row would start from left
ROW 1
SR.

ROLL.NO
M.TECH

SR.

1

1602552

8

2

1602560

3

ROW 2
SR.

ROLL.NO
M.TECH

SR.

2105821

15

1602574

22

9

2105986

16

1602576

1602562

10

2105993

17

4

1602564

11

2106008

5

1602568

12

6

1602569

7

1602573

ROW 3
SR.

ROLL.NO
BBA LLB

SR.

2106061

29

6800001

37

23

2106063

30

6800002

1602579

24

2106070

31

18

1602581

25

2106107

2106016

19

1602587

26

13

2106037

20

1602588

14

2106043

21

1602590

ROLL.NO
BCA(AI&DS)

IIIRD SEMESTER

ROLL.NO

ROW 4
ROLL.NO

ROLL.NO

SR.

ROLL.NO

SR.

2106150

45

6800009
BBA LLB

53

2106319

38

2106178

46

6800010
BBA LLB

54

2106321

6800003

39

2106190

47

1602591
M.TECH

55

2106324

32

6800004

40

2106225

48

56

2106352

2106111

33

6800005

41

2106233

49

57

2106373

27

2106130

34

6800006

42

2106237

50

58

2106374

28

2106138

35

6800007

43

2106265

51

59

2106381

36

6800008

44

2106285

52

60

2106442

BCA(AI&DS)

BCA(AI&DS)

BCA(AI&DS)

OLD MCA CR 09

ODD MID SEMESTER EXAMINATION SEPTEMBER-OCTOBER,2026

SEATING PLAN
ROOM NO :- OLD MCA CR-44
First row would start from left
ROW 1
SR.

ROLL.NO
MCA

SR.

1

1103353

9

2

1103354

3

ROW 2
SR.

ROLL.NO
MCA

SR.

2106010

17

1103387

25

10

2106022

18

1103390

1103362

11

2106023

19

4

1103365

12

2106032

5

1103367

13

6

1103371

7

8

ROW 3
SR.

ROLL.NO
MCA

SR.

2106125

33

1103483

41

26

2106134

34

1103486

1103393

27

2106140

35

20

1103405

28

2106151

2106067

21

1103407

29

14

2106090

22

1103419

1103372

15

2106093

23

1103384

16

2106098

24

ROLL.NO
BCA(AI&DS)

IIIRD SEMESTER
ROW 4
SR.

ROLL.NO
MCA

SR.

2106293

49

1103577

57

2106367

42

2106300

50

1103578

58

2106383

1103508

43

2106310

51

1103586

59

2106398

36

1103523

44

2106312

52

1103602

60

2106399

2106160

37

1103526

45

2106325

53

1103605

61

2106400

30

2106180

38

1103547

46

2106353

54

1103621

62

2106418

1103460

31

2106249

39

1103554

47

2106355

55

1103626

63

2106427

1103480

32

2106260

40

1103565

48

2106365

56

1103638

64

2106441

ROLL.NO
BCA(AI&DS)

ROLL.NO
BCA(AI&DS)

ROLL.NO
BCA(AI&DS)

OLD MCA CR 10

ODD MID SEMESTER EXAMINATION SEPTEMBER-OCTOBER,2026

SEATING PLAN
ROOM NO :- OLD MCA CR-45
First row would start from left
ROW 1
SR.

ROLL.NO
MCA

SR.

1

1103352

7

2

1103364

3

ROW 2
SR.

ROLL.NO
MCA

SR.

2105982

13

1103424

19

8

2105998

14

1103452

1103368

9

2106005

15

4

1103373

10

2106009

5

1103375

11

6

1103376

12

ROW 3
SR.

ROLL.NO
MCA

SR.

2106028

25

1103482

31

20

2106042

26

1103491

1103457

21

2106073

27

16

1103458

22

2106078

2106013

17

1103463

23

2106025

18

1103464

24

ROLL.NO
BCA(AI&DS)

IIIRD SEMESTER
ROW 4

SR.

ROLL.NO
MCA

SR.

2106135

37

1103511

43

32

2106191

38

1103512

1103499

33

2106209

39

28

1103502

34

2106211

2106118

29

1103504

35

2106119

30

1103506

36

ROLL.NO
BCA(AI&DS)

ROW 5
SR.

ROLL.NO
MCA

SR.

2106243

49

1103575

55

2106314

44

2106245

50

1103590

56

2106359

1103541

45

2106248

51

1103592

57

2106376

40

1103551

46

2106255

52

1103593

58

2106408

2106220

41

1103557

47

2106264

53

1103603

59

2106450

2106230

42

1103564

48

2106274

54

1103615

60

2106452

ROLL.NO
BCA(AI&DS)

ROLL.NO
BCA(AI&DS)

ROLL.NO
BCA(AI&DS)

OLD MCA CR 11

ODD MID SEMESTER EXAMINATION SEPTEMBER-OCTOBER,2026

SEATING PLAN
ROOM NO :- OLD MCA CR-47
First row would start from left
ROW 1
SR.

ROLL.NO
MCA

SR.

1

1103378

6

2

1103392

3

ROW 2
SR.

ROLL.NO
MCA

SR.

2105990

11

1103447

16

7

2106021

12

1103456

1103402

8

2106033

13

4

1103408

9

2106038

5

1103429

10

2106040

ROLL.NO
BCA(AI&DS)

ROW 3

ROW 5

ROLL.NO SR ROLL.NO
SR.
MCA
. BCA(AI&DS)

ROLL.NO
MCA

SR.

2106287

31

1103566

36

2106318

41

1103584

47

2106391

27

2106290

32

1103572

37

2106336

42

1103600

48

2106407

1103536

28

2106292

33

1103573

38

2106341

43

1103606

49

2106424

24

1103538

29

2106295

34

1103574

39

2106358

44

1103616

50

2106426

25

1103544

30

2106297

35

1103582

40

2106362

45

1103625

51

2106431

46

1103634

52

2106467

ROLL.NO
MCA

SR.

2106087

21

1103528

26

17

2106101

22

1103530

1103467

18

2106146

23

14

1103476

19

2106205

15

1103493

20

2106222

BCA(AI&DS)

ROW 4
SR.

SR.

ROLL.NO

IIIRD SEMESTER

ROLL.NO
BCA(AI&DS)

ROLL.NO
BCA(AI&DS)

OLD MCA CR 12

ODD MID SEMESTER EXAMINATION SEPTEMBER-OCTOBER,2026

SEATING PLAN
ROOM NO :- MECHANICAL BLOCK CR - 41

First row would start from left
ROW 1
SR.

ROLL.NO
MCA

SR.

1

1103351

8

2

1103355

3

IIIRD SEMESTER

ROW 2
SR.

ROLL.NO
MCA

SR.

2106002

15

1103423

22

9

2106004

16

1103426

1103370

10

2106011

17

4

1103379

11

2106015

5

1103400

12

6

1103409

7

1103420

ROW 3
SR.

ROLL.NO
MCA

SR.

2106075

29

1103468

36

23

2106080

30

1103470

1103432

24

2106105

31

18

1103435

25

2106121

2106049

19

1103439

26

13

2106059

20

1103440

14

2106064

21

1103455

ROLL.NO
BCA(AI&DS)

ROW 4
SR.

ROLL.NO
MCA

SR.

2106162

43

1103522

50

2106258

37

2106166

44

1103524

51

2106346

1103489

38

2106177

45

1103527

52

2106356

32

1103495

39

2106199

46

1103559

53

2106377

2106147

33

1103497

40

2106217

47

1103588

54

2106401

27

2106157

34

1103500

41

2106232

48

1103607

55

2106417

28

2106161

35

1103513

42

2106251

49

1103608

56

2106421

ROLL.NO
BCA(AI&DS)

ROLL.NO
BCA(AI&DS)

ROLL.NO
BCA(AI&DS)

ODD MID SEMESTER EXAMINATION SEPTEMBER-OCTOBER,2026

SEATING PLAN
ROOM NO :- CHANAKYA BLOCK LT-19
First row would start from left
ROW 1
SR.

ROLL.NO
MCA

SR.

1

1103358

8

2

1103360

3

ROW 2
SR.

ROLL.NO
MCA

SR.

2105994

15

1103385

22

9

2106014

16

1103403

1103361

10

2106035

17

4

1103363

11

2106054

5

1103369

12

6

1103377

7

1103381

ROW 3
SR.

ROLL.NO
MCA

SR.

2106145

29

1103431

36

23

2106155

30

1103442

1103406

24

2106165

31

18

1103417

25

2106186

2106076

19

1103421

26

13

2106110

20

1103428

14

2106128

21

1103430

ROLL.NO
BCA(AI&DS)

IIIRD SEMESTER
ROW 4
SR.

ROLL.NO
MCA

SR.

2106219

43

1103509

50

2106406

37

2106226

44

1103529

51

2106410

1103472

38

2106262

45

1103532

52

2106419

32

1103479

39

2106275

46

1103568

53

2106422

2106188

33

1103488

40

2106308

47

1103583

54

2106430

27

2106203

34

1103492

41

2106329

48

1103587

55

2106435

28

2106215

35

1103503

42

2106369

49

1103609

56

2106449

ROLL.NO
BCA(AI&DS)

ROLL.NO
BCA(AI&DS)

ROLL.NO
BCA(AI&DS)

NEW MBA LT-03

ODD MID SEMESTER EXAMINATION SEPTEMBER-OCTOBER,2026

SEATING PLAN
ROOM NO :- CHANAKYA BLOCK TR - 10
IIIRD SEMESTER
First row would start from left
ROW 1

ROW 2

ROW 3

ROW 4

SR.

ROLL.NO
MCA

ROLL.NO
SR.
SR.
BCA-AI&DS

ROLL.NO
MCA

ROLL.NO
SR.
SR.
BCA-AI&DS

ROLL.NO
MCA

ROLL.NO
SR.
BCASR.
AI&DS

ROLL.NO
MCA

ROLL.NO
SR.
BCAAI&DS

1

1103359

8

2105983

15

1103443

22

2106112

29

1103490

36

2106268

43

1103594

50

2106378

2

1103366

9

2105992

16

1103454

23

2106127

30

1103501

37

2106302

44

1103595

51

2106387

3

1103388

10

2106019

17

1103471

24

2106184

31

1103516

38

2106328

45

1103596

52

2106412

4

1103397

11

2106053

18

1103473

25

2106227

32

1103540

39

2106338

46

1103597

53

2106413

5

1103411

12

2106060

19

1103478

26

2106231

33

1103542

40

2106349

47

1103598

54

2106420

6

1103418

13

2106077

20

1103481

27

2106241

34

1103546

41

2106361

48

1103601

55

2106429

7

1103438

14

2106109

21

1103487

28

2106263

35

1103556

42

2106371

49

1103604

56

2106457

NEW MBA LT-04

ODD MID SEMESTER EXAMINATION SEPTEMBER-OCTOBER,2026

SEATING PLAN
ROOM NO :- K.P. NAUTIYAL BLOCK LT - 22
IIIRD SEMESTER
First row would start from left
ROW 1

ROW 2

ROW 3

SR.

ROLL.NO
MCA

SR.

ROLL.NO
BCA-AI&DS

SR.

ROLL.NO
MCA

SR.

ROLL.NO
SR.
BCA-AI&DS

1

1103374

8

2105989

15

1103448

22

2106244

2

1103380

9

2106024

16

1103453

23

3

1103383

10

2106046

17

1103461

4

1103391

11

2106079

18

5

1103413

12

2106092

6

1103425

13

7

1103441

14

ROW 4

ROLL.NO
ROLL.NO
SR.
SR.
MCA
BCA-AI&DS

ROLL.NO
MCA

SR.

ROLL.NO
BCA-AI&DS

29

1103531

36

2106405

43

1103599

50

2106451

2106304

30

1103545

37

2106425

44

1103612

51

2106453

24

2106330

31

1103550

38

2106438

45

1103613

52

2106455

1103485

25

2106392

32

1103569

39

2106439

46

1103620

53

2106458

19

1103514

26

2106402

33

1103576

40

2106440

47

1103624

54

2106460

2106169

20

1103515

27

2106403

34

1103580

41

2106446

48

1103629

55

2106464

2106172

21

1103520

28

2106404

35

1103581

42

2106447

49

1103637

56

2106465

LT 01

ODD MID SEMESTER EXAMINATION SEPTEMBER-OCTOBER,2026

SEATING PLAN
ROOM NO :- K.P. NAUTIYAL BLOCK CR - 39
IIIRD SEMESTER
First row would start from left
ROW 1
SR.

ROLL.NO
SR.
MCA

1

1103357

2

ROW 2
ROLL.NO
BCA-AI&DS

SR.

ROLL.NO
SR.
MCA

8

2106459

15

1103444

1103382

9

2106462

16

3

1103394

10

2106463

4

1103410

11

5

1103412

6

7

ROW 3
ROLL.NO
BCA-AI&DS

SR.

ROLL.NO
MCA

SR.

22

2106486

29

1103496

36

1103445

23

2106491

30

1103498

17

1103446

24

2106494

31

2106466

18

1103449

25

2106497

12

2106468

19

1103451

26

1103427

13

2106481

20

1103466

27

1103434

14

2106484

21

1103494

28

ROW 4
SR.

ROLL.NO
MCA

SR.

2105917

43

1103585

50

2105942

37

2105918

44

1103591

51

2105949

1103505

38

2105921

45

1103614

52

2105950

32

1103548

39

2105922

46

1103618

53

2105951

2107513

33

1103553

40

2105923

47

1103619

54

2105953

2105913

34

1103558

41

2105928

48

1103632

55

2105957

35

1103570

42

2105939

49

1103633

56

2105958

BCA(Cyber Secu)

2105915
BCA(Cyber Secu)

ROLL.NO
BCA(Cyber Secu)

ROLL.NO
BCA(Cyber Secu)

CR-01

ODD MID SEMESTER EXAMINATION SEPTEMBER-OCTOBER,2026

SEATING PLAN
ROOM NO :- K.P. NAUTIYAL BLOCK LT - 23
IIIRD SEMESTER
First row would start from left
ROW 1

ROW 2

SR.

ROLL.NO
SR.
MCA

SR.

ROLL.NO
MCA

SR.

BCA(Cyber Secu)

1

1103386

8

2105911

15

1103437

22

2

1103389

9

2105912

16

1103450

3

1103396

10

2105914

17

4

1103398

11

2105916

5

1103414

12

6

1103422

7

1103433

ROW 3

ROW 4

SR.

ROLL.NO
SR.
MCA

BCA(Cyber Secu)

2105927

29

1103521

36

23

2105930

30

1103533

1103469

24

2105931

31

18

1103484

25

2105934

2105920

19

1103507

26

13

2105924

20

1103510

14

2105925

21

1103519

ROLL.NO

SR.

ROLL.NO
MCA

SR.

2105940

43

1103562

50

2105952

37

2105941

44

1103563

51

2105954

1103534

38

2105943

45

1103567

52

2105955

32

1103535

39

2105944

46

1103571

53

2105956

2105935

33

1103549

40

2105945

47

1103623

54

2105959

27

2105936

34

1103552

41

2105946

48

1103630

55

2105960

28

2105937

35

1103561

42

2105948

49

1103631

56

2105963

ROLL.NO
BCA(Cyber Secu)

ROLL.NO

ROLL.NO
BCA(Cyber Secu)

LT-02

ODD MID SEMESTER EXAMINATION SEPTEMBER-OCTOBER,2026

SEATING PLAN
ROOM NO :- K.P. NAUTIYAL BLOCK CR - 40
IIIRD SEMESTER
First row would start from left
ROW 1
SR.

ROLL.NO
MCA

SR.

1

1103356

8

2

1103395

3

ROW 2
SR.

ROLL.NO
MCA

SR.

2105919

15

1103475

9

2105926

16

1103401

10

2105929

4

1103416

11

5

1103459

6
7

ROW 3

ROW 4

SR.

ROLL.NO
MCA

SR. ROLL.NO SR.

22

29

1103560

37

1103477

23

30

1103579

17

1103517

24

31

2105933

18

1103525

25

12

2105938

19

1103537

1103462

13

2105947

20

1103465

14

2105964

21

ROLL.NO
BCA(Cyber Secu)

ROLL.NO
MCA(AI&DS)

SR.

45

1103730

53

38

46

1103735

54

1103589

39

47

1103740

55

32

1103610

40

48

1103743

56

26

33

1103611

41

49

1103751

57

1103539

27

34

1103627

42

50

1103763

58

1103555

28

35

1103628

43

51

1103636
MCA

59

36

1103635

44

52

1103720
MCA

60

ROLL.NO

CR-02

ROLL.NO

ODD MID SEMESTER EXAMINATION SEPTEMBER-OCTOBER,2026

SEATING PLAN
ROOM NO :- K.P. NAUTIYAL BLOCK LT - 24
IIIRD SEMESTER
First row would start from left
ROW 1

ROW 2

ROW 3

SR.

ROLL.NO
ROLL.NO
ROLL.NO
ROLL.NO
ROLL.NO
SR.
SR.
SR.
SR.
SR.
M.Sc.BT
MCA(AI&DS)
M.Sc.BT
MCA(AI&DS)
M.Sc.BT

1

2800953

7

1103672

13

2800960

19

1103697

25

2800973

2

2800955

8

1103679

14

2800962

20

1103700

26

3

2800956

9

1103680

15

2800964

21

1103701

4

2800957

10

1103688

16

2800967

22

5

2800958

11

1103694

17

2800968

6

2800959

12

1103696

18

2800970

ROW 4

ROLL.NO
MCA(AI&DS)

SR.

ROLL.NO
SR.
M.Sc.BT

ROLL.NO
MCA(AI&DS)

31

1103739

37

2800993

43

1103757

2800975

32

1103745

38

2801003

44

1103758

27

2800979

33

1103746

39

2801004

45

1103759

1103705

28

2800986

34

1103748

40

2801005

46

1103764

23

1103709

29

2800989

35

1103750

41

2801006

47

1103766

24

1103729

30

2800990

36

1103756

42

2801008

48

1103768

LT-03

ODD MID SEMESTER EXAMINATION SEPTEMBER-OCTOBER,2026

SEATING PLAN
ROOM NO :- K.P. NAUTIYAL BLOCK LT - 25
IIIRD SEMESTER
First row would start from left
ROW 1

ROW 2

ROW 3

SR.

ROLL.NO
M.Sc.BT

SR.

ROLL.NO
MCA(AI&DS)

SR.

ROLL.NO
M.Sc.BT

SR.

ROLL.NO
ROLL.NO
SR.
MCA(AI&DS)
M.Sc.BT

1

2800961

8

1103674

15

2800974

22

1103707

29

2

2800963

9

1103678

16

2800976

23

1103712

3

2800965

10

1103684

17

2800977

24

4

2800966

11

1103686

18

2800978

5

2800969

12

1103691

19

6

2800971

13

1103699

7

2800972

14

1103704

ROW 4

SR.

ROLL.NO
MCA(AI&DS)

SR.

ROLL.NO
M.Sc.BT

SR.

ROLL.NO
MCA(AI&DS)

2800983

36

1103725

43

2800998

50

1103762

30

2800984

37

1103731

44

2800999

51

1103775

1103713

31

2800985

38

1103734

45

2801000

52

1103776

25

1103717

32

2800988

39

1103736

46

2801001

53

1103777

2800980

26

1103719

33

2800992

40

1103742

47

2801002

54

1103778

20

2800981

27

1103723

34

2800996

41

1103749

48

2801007

55

1103781

21

2800982

28

1103724

35

2800997

42

1103752

49

2801009

56

1103782

CR-03

ODD MID SEMESTER EXAMINATION SEPTEMBER-OCTOBER,2026

SEATING PLAN
ROOM NO :- K.P. NAUTIYAL BLOCK LT - 26
IIIRD SEMESTER
First row would start from left
ROW 1
SR.

ROLL.NO
MCA(AI&DS)

SR.

ROW 2
ROLL.NO

SR.

ROLL.NO
MCA(AI&DS)

ROW 3

SR.

ROLL.NO
ROLL.NO
SR.
SR.
MCA(AI&DS)
M.Sc.BT

ROW 4
ROLL.NO

SR.

ROLL.NO
MCA(AI&DS)

SR.

1

1103671

8

15

1103698

22

2800951

29

1103726

36

43

1103760

50

2

1103675

9

16

1103702

23

2800952

30

1103727

37

44

1103772

51

3

1103685

10

17

1103711

24

2800954

31

1103732

38

45

1103783

52

4

1103690

11

18

1103714

25

2800991

32

1103733

39

46

53

5

1103692

12

19

1103715

26

2800994

33

1103741

40

47

54

6

1103693

13

20

1103716

27

2801010

34

1103747

41

48

55

7

1103695

14

21

1103718

28

2801011

35

1103755

42

49

56

ROLL.NO

OLDHM LT-04

ODD MID SEMESTER EXAMINATION SEPTEMBER-OCTOBER,2026

SEATING PLAN
ROOM NO :- K.P. NAUTIYAL BLOCK TR - 13
IIIRD SEMESTER
First row would start from left
ROW 1
SR.

ROLL.NO
MCA(AI&DS)

ROW 2

SR. ROLL.NO SR.

ROLL.NO
MCA(AI&DS)

SR.

ROW 3
ROLL.NO

SR.

ROLL.NO
MCA(AI&DS)

ROW 4

SR. ROLL.NO SR.

ROLL.NO
MCA(AI&DS)

SR.

1

1103676

7

13

1103703

19

25

1103728

32

39

1103767

47

2

1103677

8

14

1103706

20

26

1103737

33

40

1103769

48

3

1103681

9

15

1103708

21

27

1103744

34

41

1103770

49

4

1103683

10

16

1103710

22

28

1103753

35

42

1103771

50

5

1103687

11

17

1103721

23

29

1103754

36

43

1103774

51

6

1103689

12

18

1103722

24

30

1103761

37

44

1103779

52

31

1103765

38

45

1103780

53

46

ROLL.NO

54
OLDHM CR-04

ODD MID SEMESTER EXAMINATION SEPTEMBER-OCTOBER,2026

SEATING PLAN
ROOM NO :- CS IT LT-01
IIIRD SEMESTER

First row would start from left
ROW 1
SR.

ROLL.NO
B.Tech(CSE)

SR.

ROW 2

ROW 3

ROLL.NO
ROLL.NO
ROLL.NO
ROLL.NO
ROLL.NO
ROLL.NO
ROLL.NO
ROLL.NO
ROLL.NO
S.R
SR.
SR.
SR.
SR.
SR.
SR.
SR.
B.TECH(CE)
B.TECH(CE)
B.TECH(CE)
B.TECH(CE)
B.Tech(CSE)
B.Tech(CSE)
B.Tech(CSE)
B.Tech(CSE)
B.Tech(CSE)

1

NISHCHAL
11
KUNWAR

2029311

21

2027526

31

2027781

41

2029321

51

2027908

61

2029331

71

2028049

81

2

2027505

12

2029312

22

2027538

32

2027782

42

2029322

52

2027909

62

2029332

72

2028057

3

2028404

13

2029313

23

2027540

33

2027791

43

2029323

53

2027927

63

2029333

73

4

2029022

14

2029314

24

2027560

34

2027805

44

2029324

54

2027931

64

2029334

5

2026009

15

2029315

25

2027566

35

2027819

45

2029325

55

2027984

65

6

2028644

16

2029316

26

2027635

36

2027824

46

2029326

56

2027987

7

2028784

17

2029317

27

2027664

37

2027833

47

2029327

57

8

2028905

18

2029318

28

2027718

38

2027855

48

2029328

9

2029409

19

2029319

29

2027750

39

2027859

49

10

2025581

20

2029320

30

2027775

40

2027907

50

2029342

91

2028204

82

92

2028218

2028070

83

93

2028225

74

2028084

84

94

2028227

2029335

75

2028085

85

95

2028235

66

2029336

76

2028095

86

96

2028251

2027993

67

2029337

77

2028133

87

97

2028260

58

2028016

68

2029339

78

2028140

88

98

2028281

2029329

59

2028017

69

2029340

79

2028175

89

99

2028292

2029330

60

2028023

70

2029341

80

2028177

90

100

2028309

ODD MID SEMESTER EXAMINATION SEPTEMBER-OCTOBER,2026

SEATING PLAN
ROOM NO :- CS IT LT-02
IIIRD SEMESTER

First row would start from left
ROW 1

ROW 2

ROW 3

SR.

ROLL.NO
B.Tech(CSE)

SR.

ROLL.NO
B.TECH(ECE)

S.R

ROLL.NO
B.Tech(CSE)

SR.

ROLL.NO
B.Tech(CSE)

SR.

ROLL.NO
B.TECH(ECE)

SR.

ROLL.NO
B.Tech(CSE)

SR.

ROLL.NO
SR.
B.TECH(AERO)

ROLL.NO
B.Tech(CSE)

SR.

ROLL.NO
B.TECH(AERO)

SR.

ROLL.NO
B.Tech(CSE)

1

2027501

11

2027970

21 2027608

31

2027759

41

2029146

51

2027932

61

2029276

71 2028094

81

2029286

91

2028304

2

2027532

12

2029118

22 2027619

32

2027762

42

2029155

52

2027977

62

2029277

72 2028126

82

2029287

92

2027698

3

2027537

13

2029121

23 2027628

33

2027769

43

2029156

53

2027996

63

2029278

73 2028142

83

2029288

93

2027843

4

2027547

14

2029126

24 2027642

34

2027770

44

2029161

54

2028008

64

2029279

74 2028186

84

2029289

94

2028080

5

2027565

15

2029133

25 2027668

35

2027780

45

2029167

55

2028011

65

2029280

75 2028193

85

2029290

95

2028413

6

2027571

16

2029134

26 2027716

36

2027848

46

2029168

56

2028022

66

2029281

76 2028216

86

2029291

96

2028470

7

2027575

17

2029135

27 2027720

37

2027864

47

57

2028044

67

2029282

77 2028243

87

2029293

97

2028276

8

2027589

18

2029138

28 2027730

38

2027892

48

58

2028059

68

2029283

78 2028291

88

2029294

98

2028840

9

2027590

19

2029139

29 2027735

39

2027906

49

59

2028073

69

2029284

79 2028297

89

2029295

99

2028888

10

2027606

20

2029142

30 2027736

40

2027922

50

60

2028078

70

2029285

80 2028303

90

2029296

100 2028915

2026586
B.TECH(AERO)

2029271
B.TECH(AERO)

2029273
B.TECH(AERO)

2029275
B.TECH(AERO)

ODD MID SEMESTER EXAMINATION SEPTEMBER-OCTOBER,2026

SEATING PLAN
ROOM NO :- CS IT LT-03
IIIRD SEMESTER

First row would start from left
ROW 1
SR

ROW 2

ROW 3

ROLL.NO
ROLL.NO
ROLL.NO
ROLL.NO SR ROLL.NO S. ROLL.NO
ROLL.NO
ROLL.NO
ROLL.NO
ROLL.NO
SR.
SR.
SR.
SR.
SR
SR
SR
B.Tech(BT)
B.Tech(BT)
B.Tech(BT)
B.Tech(CSE)
B.Tech(CSE)
B.Tech(CSE)
B.Tech(CSE)
. B.Tech(BT) R B.Tech(CSE)

B.Tech(CSE)

1

2027503

11

2029364

21

2027651

31

2027739

41

2029399

51

2027835

61

2029437

71

2027982

81

2029462

91

2028231

2

2027528

12

2029366

22

2027657

32

2027742

42

2029411

52

2027842

62

2029439

72

2027988

82

2029464

92

2028248

3

2027543

13

2029367

23

2027676

33

2027746

43

2029424

53

2027857

63

2029442

73

2027997

83

2029466

93

2028255

4

2027573

14

2029370

24

2027680

34

2027766

44

2029425

54

2027861

64

2029444

74

2028028

84

2029469

94

2028284

5

2027578

15

2029381

25

2027683

35

2027776

45

2029426

55

2027878

65

2029446

75

2028058

85

2029471

95

2028299

6

2027598

16

2029383

26

2027689

36

2027783

46

2029428

56

2027884

66

2029447

76

2028131

86

2029476

96

2028305

7

2027617

17

2029386

27

2027702

37

2027787

47

2029429

57

2027888

67

2029453

77

2028167

87

2029479

97

2028459

8

2027627

18

2029387

28

2027703

38

2027789

48

2029430

58

2027905

68

2029456

78

2028181

88

2029482

98

2028244

9

2027638

19

2029391

29

2027706

39

2027802

49

2029433

59

2027930

69

2029457

79

2028208

89

2029483

99

2028630

10

2027647

20

2029393

30

2027721

40

2027830

50

2029434

60

2027959

70

2029461

80

2028226

90

2029484

100

2028868

ODD MID SEMESTER EXAMINATION SEPTEMBER-OCTOBER,2026

SEATING PLAN
ROOM NO :- CS IT LT-04
IIIRD SEMESTER

First row would start from left
ROW 1
SR.

ROLL.NO
B.Tech(CSE)

ROW 2

ROW 3

SR.

ROLL.NO
ROLL.NO
ROLL.NO
ROLL.NO
ROLL.NO SR ROLL.NO SR ROLL.NO
S.R
SR.
SR.
SR.
SR.
B.Tech(BT)
B.Tech(BT)
B.Tech(CSE)
B.Tech(CSE)
B.Tech(CSE) . B.Tech(BT) . B.Tech(CSE)

ROLL.NO
B.Tech(BT)

SR.

ROLL.NO
B.Tech(CSE)

1

2027534

11

2029363

21

2027726

31

2027873

41

2029389

51

2028025

61 2029408

71

2028141

81

2029449

91

2028301

2

2027536

12

2029368

22

2027747

32

2027889

42

2029394

52

2028031

62 2029410

72

2028159

82

2029451

92

2029473

3

2027564

13

2029372

23

2027768

33

2027936

43

2029395

53

2028053

63 2029412

73

2028176

83

2029454

93

2027553

4

2027588

14

2029373

24

2027777

34

2027939

44

2029396

54

2028060

64 2029416

74

2028188

84

2029459

94

2027715

5

2027596

15

2029375

25

2027793

35

2027940

45

2029397

55

2028076

65 2029417

75

2028189

85

2029463

95

2028019

6

2027663

16

2029378

26

2027795

36

2027951

46

2029400

56

2028096

66 2029418

76

2028205

86

2029465

96

2028420

7

2027699

17

2029379

27

2027798

37

2027965

47

2029403

57

2028105

67 2029419

77

2028236

87

2029467

97

2028641

8

2027707

18

2029380

28

2027816

38

2027966

48

2029405

58

2028111

68 2029423

78

2028256

88

2029472

98

2028107

9

2027714

19

2029385

29

2027827

39

2027985

49

2029406

59

2028120

69 2029436

79

2028257

89

2029478

99

2028654

10

2027719

20

2029388

30

2027863

40

2028021

50

2029407

60

2028139

70 2029443

80

2028261

90

2029485

100

2028724

ODD MID SEMESTER EXAMINATION SEPTEMBER-OCTOBER,2026

SEATING PLAN
ROOM NO :- CS IT LT-05
IIIRD SEMESTER

First row would start from left
ROW 1
SR.

ROLL.NO
B.Tech(CSE)

ROW 2

ROW 3

SR.

ROLL.NO
ROLL.NO
ROLL.NO
ROLL.NO
ROLL.NO
ROLL.NO
ROLL.NO
ROLL.NO
S.R
SR.
SR.
S.R
SR.
SR.
S.R
SR.
B.Tech(BT)
B.Tech(BT)
B.Tech(BT)
B.Tech(BT)
B.Tech(CSE)
B.Tech(CSE)
B.Tech(CSE)
B.Tech(CSE)

B.Tech(CSE)

ROLL.NO

1

2027531

11

2029362

21

2027649

31

2027773

41

2029402

51

2027894

61

2029432

71

2028010

81

2029460

91

2028229

2

2027541

12

2029365

22

2027661

32

2027810

42

2029404

52

2027912

62

2029435

72

2028042

82

2029468

92

2028247

3

2027542

13

2029369

23

2027662

33

2027821

43

2029413

53

2027926

63

2029438

73

2028043

83

2029470

93

2028294

4

2027577

14

2029371

24

2027666

34

2027826

44

2029414

54

2027950

64

2029440

74

2028056

84

2029474

94

2027616

5

2027579

15

2029374

25

2027675

35

2027828

45

2029415

55

2027952

65

2029441

75

2028117

85

2029475

95

2028462

6

2027601

16

2029376

26

2027686

36

2027845

46

2029420

56

2027960

66

2029445

76

2028128

86

2029477

96

2028266

7

2027620

17

2029382

27

2027701

37

2027875

47

2029421

57

2027963

67

2029448

77

2028148

87

2029480

97

2028101

8

2027629

18

2029384

28

2027710

38

2027876

48

2029422

58

2027980

68

2029450

78

2028172

88

2029481

98

2028680

9

2027639

19

2029392

29

2027744

39

2027879

49

2029427

59

2027981

69

2029455

79

2028198

89

2029486

99

2028806

10

2027646

20

2029401

30

2027752

40

2027883

50

2029431

60

2027998

70

2029458

80

2028202

90

2029487

100

2028833

ODD MID SEMESTER EXAMINATION SEPTEMBER-OCTOBER,2026

SEATING PLAN
ROOM NO :- CS IT LT-06
IIIRD SEMESTER

First row would start from left
ROW 1
SR.

1

ROLL.NO
B.Tech(CSE)
2027504

ROW 2

SR.

ROLL.NO
ROLL.NO
S.R
B.Tech(EE)
B.Tech(CSE)

SR.

11

2029201

31

21

2027681

ROLL.NO
B.Tech(CSE)
2027764

ROW 3

SR.

ROLL.NO
ROLL.NO SR.
SR.
B.Tech(ECE)
B.Tech(CSE)

41

2029148

51

2027904

ROLL.NO
MCA

ROLL.NO SR.

ROLL.NO
SR.
B.Tech(ME)

B.Tech(CSE)

2028048

81

2026523

91

2028298

2028067

82

2029232

92

2028302

2028072

83

2029234

93

2028187

74

2028083

84

2029237

94

2028494

75

2028156

85

2029242

95

2028097

76

2028164

86

2029251

96

2028655

77

2028171

87

2029255

97

2028738

78

2028180

88

2029257

98

2028761

2029258

99

2028766

100

2028851

SR.

2029144
61 B.Tech(ECE 71

B.Tech(CSE)

ROLL.NO

)

2

2027508

12

2029202

22

2027682

32

2027774

42

2029111

52

2027910

2029159
62 B.Tech(ECE 72
)

3

2027518

13

2029204

23

2027688

33

2027832

43

2029113

53

2027929

2029163
63 B.Tech(ECE 73
)

2029361

4

2027519

14

2029206

24

2027692

34

2027851

44

2029114

54

2027955

64

5

2027521

15

2029207

25

2027711

35

2027868

45

2029115

55

2027986

65

6

2027561

16

2029208

26

2027713

36

2027871

46

2029122

56

2027992

66

7

2027582

17

2029213

27

2027734

37

2027874

47

2029123

57

2028013

67

8

2027592

18

2029214

28

2027754

38

2027885

48

2029125

58

2028026

68

9

2027594

19

2029215

29

2027756

39

2027890

49

2029132

59

2028027

69

79

2028212

89

10

2027600

20

2029216

30

2027760

40

2027903

50

2029140

60

2028040

70

80

2028234

90

B.Tech(BT)

2029488
B.Tech(BT)

2029489
B.Tech(BT)

2029490
B.Tech(BT)

2026211
B.Tech(ME)

2027933

ODD MID SEMESTER EXAMINATION SEPTEMBER-OCTOBER,2026

SEATING PLAN
ROOM NO :- CS IT LT-07
IIIRD SEMESTER

First row would start from left
ROW 1
SR.

ROLL.NO
B.Tech(CSE)

ROW 2

SR.

ROLL.NO
BA.ECO

S.R

ROLL.NO
B.Tech(CSE)

SR.

ROLL.NO
B.Tech(CSE)

SR.

ROLL.NO
BA.ECO

SR.

ROW 3
ROLL.NO
B.Tech(CSE)

SR.

ROLL.NO
BA.ECO

SR.

ROLL.NO SR ROLL.NO
S.R
. B.Tech(ECE)

B.Tech(CSE)

B.Tech(CSE)

ROLL.NO

1

2027524

11

3500551

21

2027656

31

2027817

41

3500561

51

2028009

61

3500572

71

2028178

81

2029117

91

2028289

2

2027544

12

3500552

22

2027660

32

2027834

42

3500562

52

2028024

62

3500574

72

2028182

82

2029119

92

2028295

3

2027549

13

3500553

23

2027671

33

2027837

43

3500563

53

2028032

63

3500575

73

2028200

83

2029136

93

2027728

4

2027583

14

3500554

24

2027672

34

2027852

44

3500564

54

2028061

64

3500576

74

2028220

84

2029147

94

2028408

5

2027585

15

3500555

25

2027674

35

2027860

45

3500565

55

2028069

65

3500577

75

2028222

85

2029152

95

2028495

6

2027610

16

3500556

26

2027705

36

2027900

46

3500566

56

2028071

66

3500578

76

2028230

86

2029130

96

2027757

7

2027615

17

3500557

27

2027717

37

2027923

47

3500568

57

2028086

67

3500579

77

2028239

87

2029143

97

2028791

8

2027644

18

3500558

28

2027725

38

2027948

48

3500569

58

2028090

68

3500580

78

2028241

88

2029124

98

2028971

9

2027645

19

3500559

29

2027800

39

2027968

49

3500570

59

2028121

69

3500582

79

2028253

89

3500584
BA.(ECO)

99

2027983

10

2027655

20

3500560

30

2027812

40

2027990

50

3500571

60

2028125

70

3500583

80

2028282

90

3500585
BA.(ECO)

100

2028642

ODD MID SEMESTER EXAMINATION SEPTEMBER-OCTOBER,2026

SEATING PLAN
ROOM NO :- CS IT LT-08
IIIRD SEMESTER

First row would start from left
ROW 1
SR.

ROLL.NO
B.Tech(CSE)

ROW 2

SR.

ROLL.NO
BA.ENG

S.R

ROLL.NO
B.Tech(CSE)

SR.

ROLL.NO
B.Tech(CSE)

SR.

ROLL.NO
BA.ENG

SR.

ROW 3
ROLL.NO
B.Tech(CSE)

SR.

ROLL.NO
BA.ENG

SR.

ROLL.NO
B.Tech(CSE)

SR.

ROLL.NO
B.Tech(ECE)

S.R

ROLL.NO
B.Tech(CSE)

1

2027520

11

4100451

21

2027695

31

2027792

41

4100462

51

2027913

61

4100472

71

2028104

81

2028448

91

2028273

2

2027522

12

4100452

22

2027697

32

2027801

42

4100463

52

2027920

62

4100473

72

2028108

82

2029137

92

2028283

3

2027523

13

4100453

23

2027709

33

2027813

43

4100464

53

2027935

63

4100474

73

2028122

83

2029157

93

2028307

4

2027545

14

4100454

24

2027733

34

2027825

44

4100465

54

2027938

64

4100475

74

2028191

84

2029181

94

2028310

5

2027562

15

4100455

25

2027749

35

2027831

45

4100466

55

2027943

65

4100476

75

2028221

85

2029182

95

2027563

6

2027613

16

4100456

26

2027758

36

2027847

46

4100467

56

2027949

66

4100477

76

2028224

86

2029183

96

2027886

7

2027633

17

4100457

27

2027771

37

2027850

47

4100468

57

2027978

67

4100478

77

2028233

87

2029184

97

2028399

8

2027640

18

4100459

28

2027784

38

2027865

48

4100469

58

2028046

68

4100479

78

2028250

88

2029186

98

2028431

9

2027670

19

4100460

29

2027786

39

2027893

49

4100470

59

2028065

69

4100480

79

2028265

89

2029187

99

2028485

10

2027690

20

4100461

30

2027790

40

2027895

50

4100471

60

2028091

70

4100482

80

2028267

90

4100483
BA.ENG

100

2028907

ODD MID SEMESTER EXAMINATION SEPTEMBER-OCTOBER,2026

SEATING PLAN
ROOM NO :- CS IT LT-09
First row would start from left

IIIRD SEMESTER

ROW 1
SR.

ROLL.NO
B.Tech(CSE)

ROW 2

SR.

ROLL.NO
PSY

S.R

ROLL.NO
B.Tech(CSE)

SR.

ROLL.NO
B.Tech(CSE)

SR.

ROLL.NO
PSY

S.R

ROW 3
ROLL.NO
B.Tech(CSE)

SR.

ROLL.NO
PSY

S.R

ROLL.NO
B.Tech(CSE)

SR.

ROLL.NO
PSY

S.R

ROLL.NO
B.Tech(CSE)

1

2027568

11

3600752

21

2028621

31

2028392

41

3600776

51

2028427

61

3600800

71

2028463

81

3600824

91

2028487

2

2027605

12

3600754

22

2028667

32

2028395

42

3600777

52

2028438

62

3600805

72

2028465

82

3600827

92

2028488

3

2028154

13

3600756

23

2028782

33

2028397

43

3600778

53

2028440

63

3600807

73

2028467

83

3600829

93

2028490

4

2028373

14

3600758

24

2028812

34

2028402

44

3600779

54

2028442

64

3600810

74

2028472

84

3600830

94

2028493

5

2028403

15

3600761

25

2028375

35

2028406

45

3600789

55

2028444

65

3600811

75

2028473

85

3600832

95

2028496

6

2028419

16

3600763

26

2028376

36

2028407

46

3600790

56

2028446

66

3600812

76

2028475

86

3600836

96

2028499

7

2028435

17

3600767

27

2028385

37

2028409

47

3600791

57

2028447

67

3600813

77

2028477

87

3600844

97

2028501

8

2028436

18

3600768

28

2028386

38

2028411

48

3600793

58

2028449

68

3600815

78

2028478

88

3600851

98

2028506

9

2028439

19

3600771

29

2028388

39

2028421

49

3600794

59

2028456

69

3600818

79

2028479

89

3600854

99

2028510

10

2028469

20

3600774

30

2028391

40

2028422

50

3600799

60

2028458

70

3600820

80

2028486

90

3600855

100

2028514

ODD MID SEMESTER EXAMINATION SEPTEMBER-OCTOBER,2026

SEATING PLAN
ROOM NO :- CS IT LT-10
First row would start from left

IIIRD SEMESTER

ROW 1
SR.

ROLL.NO
B.Tech(CSE)

ROW 2

SR.

ROLL.NO
PSY

S.R

ROLL.NO
B.Tech(CSE)

SR.

ROLL.NO
B.Tech

SR.

ROLL.NO
PSY

SR.

ROW 3
ROLL.NO
B.Tech(CSE)

SR.

ROLL.NO
PSY

SR.

ROLL.NO
B.Tech(CSE)

SR.

ROLL.NO
PSY

SR.

ROLL.NO
B.Tech(CSE)

1

2028169

11

3600757

21

2028635

31

2028705

41

3600781

51

2028809

61

3600808

71

2028910

81

3600834

91

2028441

2

2028750

12

3600759

22

2028639

32

2028708

42

3600783

52

2028829

62

3600809

72

2028913

82

3600835

92

2028445

3

2028604

13

3600760

23

2028643

33

2028716

43

3600785

53

2028835

63

3600814

73

2028916

83

3600838

93

2028450

4

2028471

14

3600762

24

2028650

34

2028733

44

3600786

54

2028836

64

3600817

74

2028918

84

3600840

94

2028452

5

2028602

15

3600764

25

2028659

35

2028734

45

3600792

55

2028861

65

3600821

75

2028371

85

3600841

95

2028476

6

2028611

16

3600765

26

2028662

36

2028778

46

3600795

56

2028862

66

3600825

76

2028379

86

3600845

96

2028484

7

2028614

17

3600766

27

2028664

37

2028781

47

3600796

57

2028863

67

3600826

77

2028400

87

3600846

97

2028508

8

2028620

18

3600769

28

2028666

38

2028785

48

3600801

58

2028875

68

3600828

78

2028412

88

3600852

98

2028511

9

2028626

19

3600770

29

2028672

39

2028792

49

3600803

59

2028883

69

3600831

79

2028416

89

3600853

99

2028625

10

2028634

20

3600773

30

2028688

40

2028800

50

3600806

60

2028901

70

3600833

80

2028430

90

3600856

100

2028715

ODD MID SEMESTER EXAMINATION SEPTEMBER-OCTOBER,2026

SEATING PLAN
ROOM NO :- CS IT LT-11
First row would start from left

IIIRD SEMESTER

ROW 1
SR.

ROLL.NO
B.Tech(CSE)

ROW 2

SR.

ROLL.NO
PSY

S.R

ROLL.NO
B.Tech(CSE)

SR.

ROLL.NO
B.Tech(CSE)

SR.

ROLL.NO
PSY

SR.

ROW 3
ROLL.NO
B.Tech(CSE)

SR.

ROLL.NO
PSY

SR.

ROLL.NO
B.Tech(CSE)

SR.

Roll No

S.R

ROLL.NO
B.Tech(CSE)

1

2027515

11

3600751

21

2028652

31

2028713

41

3600802

51

2028768

61

3600850

71

2028819

81

91

2028865

2

2027818

12

3600753

22

2028657

32

2028722

42

3600804

52

2028770

62

3600859

72

2028824

82

92

2028867

3

2027836

13

3600755

23

2028670

33

2028723

43

3600816

53

2028775

63

3600860

73

2028825

83

93

2028870

4

2028020

14

3600772

24

2028679

34

2028726

44

3600822

54

2028790

64

74

2028827

84

94

2028872

5

2028088

15

3600775

25

2028682

35

2028736

45

3600823

55

2028793

65

75

2028828

85

95

2028874

6

2029898

16

3600780

26

2028687

36

2028740

46

3600837

56

2028795

66

76

2028834

86

96

2028876

7

2028437

17

3600782

27

2028692

37

2028745

47

3600839

57

2028798

67

77

2028847

87

97

2028880

8

2028623

18

3600784

28

2028697

38

2028754

48

3600842

58

2028804

68

78

2028852

88

98

2028900

9

2028637

19

3600788

29

2028706

39

2028760

49

3600847

59

2028815

69

79

2028854

89

99

2028902

10

2028646

20

3600798

30

2028710

40

2028765

50

3600848

60

2028818

70

80

2028855

90

100

2028903

ODD MID - SEMESTER EXAMINATION SEPTEMBER-OCTOBER,2026

SEATING PLAN
ROOM NO :- CS/IT CR 01
IIIRD SEMESTER

First row would start from left
ROW 1
SR.

ROLL.NO
B.Tech(CSE)

ROW 2

ROW 3

SR.

ROLL.NO
ROLL.NO
SR.
SR.
B.Tech(CSE)
BA.P.SIC

ROLL.NO
BA.P.SIC

SR.

ROLL.NO
B.Tech(CSE)

ROW 4

SR.

ROLL.NO
SR.
BA.P.SIC

B.Tech(CSE)

ROLL.NO

SR.

ROLL.NO
BA.P.SIC

1

2027918

8

4000402

15

2028648

22

4000416

29

2028719

36

4000430

43

2028878

51

4000440

2

2028077

9

4000403

16

2028660

23

4000417

30

2028757

37

4000431

44

2028886

52

4000441

3

2027808

10

4000405

17

2028671

24

4000421

31

2028759

38

4000435

45

2028894

53

4000442

4

2028617

11

4000407

18

2028683

25

4000422

32

2028763

39

4000436

46

2028895

54

4000443

5

2028622

12

4000408

19

2028684

26

4000423

33

2028794

40

4000437

47

2028908

55

4000447

6

2028640

13

4000413

20

2028689

27

4000426

34

2028826

41

4000438

48

2028912

56

4000448

7

2028645

14

4000414

21

2028700

28

4000427

35

2028853

42

4000439

49

2028752

57

4000449

ODD MID SEMESTER EXAMINATION SEPTEMBER-OCTOBER,2026

SEATING PLAN
ROOM NO :- CS/IT CR 02
IIIRD SEMESTER

First row would start from left
ROW 1
SR.

ROLL.NO
B.Tech(CSE)

ROW 2

SR.

ROLL.NO
BA.P.SIC

SR.

ROLL.NO
B.Tech(CSE)

ROW 3

SR.

ROLL.NO
BA.P.SIC

SR.

ROLL.NO
B.Tech(CSE)

ROW 4

SR.

ROLL.NO
BA.P.SIC

SR.

ROLL.NO
B.Tech(CSE)

SR.

1

2029009

8

4000401

15

2028755

22

4000419

29

2028976

36

4000434

43

2029003

50

2

2028677

9

4000404

16

2028786

23

4000420

30

2028979

37

4000444

44

2029005

51

3

2028686

10

4000409

17

2028797

24

4000424

31

2028981

38

4000445

45

2029010

52

4

2028699

11

4000411

18

2028813

25

4000425

32

2028983

39

4000446

46

2029012

53

5

2028707

12

4000412

19

2028841

26

4000428

33

2028988

40

4000450

47

2029020

54

6

2028718

13

4000415

20

2028848

27

4000432

34

2028989

41

4000451

48

2029021

55

7

2028729

14

4000418

21

2028887

28

4000433

35

2028995

42

49

2029027

56

ROLL.NO

ODD MID - SEMESTER EXAMINATION SEPTEMBER-OCTOBER,2026

SEATING PLAN
ROOM NO :- CS/IT CR 03
IIIRD SEMESTER

First row would start from left
ROW 1
SR.

ROLL.NO
B.Tech(CSE)

ROW 2

SR.

ROLL.NO
B.Sc.B.T

SR.

ROLL.NO
B.Tech(CSE)

ROW 3

SR.

ROLL.NO
B.Sc.B.T

SR.

ROLL.NO
B.Tech(CSE)

ROW 4

SR.

ROLL.NO
B.Sc.B.T

SR.

ROLL.NO
B.Tech(CSE)

SR.

ROLL.NO
B.Sc.B.T

1

2027604

8

2701051

15

2029066

22

2701150

29

2029070

36

2701060

43

2029064

50

2701153

2

2027687

9

2701068

16

2029068

23

2701161

30

2028811

37

2701069

44

2029067

51

2701162

3

2029042

10

2701077

17

2029074

24

2701163

31

2028893

38

2701101

45

2029071

52

2701164

4

2029046

11

2701115

18

2029088

25

2701169

32

2029045

39

2701119

46

2029077

53

2701170

5

2029052

12

2701120

19

2029093

26

2701179

33

2029048

40

2701129

47

2029089

54

2701215

6

2029055

13

2701131

20

2028414

27

2701219

34

2029054

41

2701132

48

2029095

55

2701227

7

2029061

14

2701147

21

2029059

28

2701236

35

2029058

42

2701149

49

2029057

56

2701257

ODD MID - SEMESTER EXAMINATION SEPTEMBER-OCTOBER,2026

SEATING PLAN
ROOM NO :- CS/IT CR 04
IIIRD SEMESTER
First row would start from left
ROW 1
SR.

ROLL.NO
B.Tech(CSE)

ROW 2

SR.

ROLL.NO
SR.
B.Sc.B.T

B.Tech(CSE)

ROLL.NO

ROW 3

SR.

ROLL.NO
SR.
B.Sc.B.T

B.Tech(CSE)

ROLL.NO

ROW 4

SR.

ROLL.NO
SR.
B.Sc.B.T

B.Tech(CSE)

ROLL.NO

SR.

ROLL.NO
B.Sc.B.T

1

2027548

8

2701052

15

2029069

22

2701190

29

2028062

36

2701056

43

2029063

50

2701193

2

2027748

9

2701084

16

2029073

23

2701202

30

2028741

37

2701097

44

2029072

51

2701208

3

2028130

10

2701105

17

2029078

24

2701210

31

2028756

38

2701124

45

2029075

52

2701213

4

2028242

11

2701133

18

2029084

25

2701216

32

2028788

39

2701136

46

2029083

53

2701217

5

2028308

12

2701141

19

2029086

26

2701225

33

2028898

40

2701151

47

2029085

54

2701226

6

2029051

13

2701154

20

2029094

27

2701229

34

2029079

41

2701174

48

2029091

55

2701230

7

2029062

14

2701185

21

2028461

28

2701232

35

2029056

42

2701188

49

2029065

56

2701248

ODD MID - SEMESTER EXAMINATION SEPTEMBER-OCTOBER,2026

SEATING PLAN
ROOM NO :- CS/IT CR 05
IIIRD SEMESTER

First row would start from left
ROW 1
SR.

ROLL.NO
B.Tech(CSE)

ROW 2

SR.

ROLL.NO
B.Sc.B.T

SR.

ROLL.NO
B.Tech(CSE)

ROW 3

SR.

ROLL.NO
B.Sc.B.T

SR.

ROLL.NO
B.Tech(CSE)

ROW 4

SR.

ROLL.NO
B.Sc.B.T

SR.

ROLL.NO
B.Tech(CSE)

SR.

ROLL.NO
B.Sc.B.T

1

2027511

8

2701053

15

2027887

22

2701085

29

2028192

36

2701137

43

2028817

50

2701180

2

2027525

9

2701055

16

2027957

23

2701086

30

2028263

37

2701139

44

2028999

51

2701184

3

2027603

10

2701059

17

2027976

24

2701094

31

2028270

38

2701148

45

2027654

52

2701205

4

2027625

11

2701067

18

2028035

25

2701103

32

2028378

39

2701155

46

2028398

53

2701209

5

2027658

12

2701071

19

2028098

26

2701110

33

2028429

40

2701156

47

2028783

54

2701220

6

2027767

13

2701072

20

2028137

27

2701113

34

2028455

41

2701165

48

2028805

55

2701237

7

2027856

14

2701082

21

2028168

28

2701127

35

2028481

42

2701167

49

2028920

56

2701252

ODD MID - SEMESTER EXAMINATION SEPTEMBER-OCTOBER,2026

SEATING PLAN
ROOM NO :- CS/IT CR 06
IIIRD SEMESTER

First row would start from left
ROW 1
SR.

ROLL.NO
B.Tech(CSE)

ROW 2

SR.

ROLL.NO
B.Sc.B.T

SR.

ROLL.NO
B.Tech(CSE)

ROW 3

SR.

ROLL.NO
B.Sc.B.T

SR.

ROLL.NO
B.Tech(CSE)

ROW 4

SR.

ROLL.NO
B.Sc.B.T

SR.

ROLL.NO
B.Tech(CSE)

SR.

ROLL.NO
B.Sc.B.T

1

2027509

8

2701063

15

2027961

22

2701096

29

2029080

36

2701152

43

2028466

50

2701195

2

2027554

9

2701076

16

2028030

23

2701104

30

2029082

37

2701159

44

2028636

51

2701200

3

2027570

10

2701079

17

2028038

24

2701108

31

2029090

38

2701171

45

2028721

52

2701201

4

2027574

11

2701083

18

2028081

25

2701112

32

2029096

39

2701172

46

2028742

53

2701212

5

2027693

12

2701089

19

2028152

26

2701118

33

2027804

40

2701181

47

2028779

54

2701224

6

2027822

13

2701090

20

2028170

27

2701134

34

2028161

41

2701186

48

2028881

55

2701231

7

2027914

14

2701091

21

2028199

28

2701140

35

2028454

42

2701187

49

2028891

56

2701245

ODD MID - SEMESTER EXAMINATION SEPTEMBER-OCTOBER,2026

SEATING PLAN
ROOM NO :- CS/IT CR 07
First row would start from left
IIIRD SEMESTER
ROW 1
SR.

ROLL.NO
B.Tech(CSE)

ROW 2

ROW 3

SR.

ROLL.NO
ROLL.NO SR.
SR.
B.Sc.B.T
B.Tech(CSE)

ROLL.NO
SR.
B.Sc.B.T

B.Tech(CSE)

ROLL.NO

ROW 4

SR.

ROLL.NO
B.Sc.B.T

SR.

ROLL.NO
B.Tech(CSE)

SR.

ROLL.NO
B.Sc.B.T

1

2027502

8

2701054

15

2027846

22

2701102

29

2028100

36

2701160

43

2029026

50

2701206

2

2027530

9

2701070

16

2027853

23

2701114

30

2028240

37

2701166

44

2027945

51

2701214

3

2027551

10

2701075

17

2027919

24

2701128

31

2028279

38

2701168

45

2028612

52

2701221

4

2027555

11

2701080

18

2027944

25

2701143

32

2029097

39

2701176

46

2028647

53

2701228

5

2027559

12

2701088

19

2028004

26

2701145

33

2028500

40

2701191

47

2028676

54

2701240

6

2027743

13

2701093

20

2028036

27

2701146

34

2028507

41

2701194

48

2028732

55

2701241

7

2027803

14

2701095

21

2028041

28

2701158

35

2029007

42

2701199

49

2028735

56

2701247

ODD MID - SEMESTER EXAMINATION SEPTEMBER-OCTOBER,2026

SEATING PLAN
ROOM NO :- CS/IT CR 08
First row would start from left
ROW 1
SR.

ROLL.NO
B.Tech(CSE)

IIIRD SEMESTER
ROW 2

SR.

ROLL.NO
B.Sc.B.T

SR.

ROLL.NO
B.Tech(CSE)

ROW 3

SR.

ROLL.NO
B.Sc.B.T

SR.

ROLL.NO
B.Tech(CSE)

ROW 4

SR.

ROLL.NO
B.Sc.B.T

SR.

ROLL.NO
B.Tech(CSE)

SR.

ROLL.NO
B.Sc.B.T

1

2027507

8

2701066

15

2027849

22

2701111

29

2028211

36

2701157

43

2028673

50

2701204

2

2027580

9

2701074

16

2027862

23

2701121

30

2028415

37

2701177

44

2028748

51

2701218

3

2027624

10

2701078

17

2027882

24

2701123

31

2028468

38

2701178

45

2028749

52

2701222

4

2027637

11

2701098

18

2027975

25

2701125

32

2028992

39

2701182

46

2028803

53

2701233

5

2027641

12

2701099

19

2028066

26

2701126

33

2029004

40

2701183

47

2028838

54

2701234

6

2027677

13

2701106

20

2028146

27

2701135

34

2028405

41

2701189

48

2028866

55

2701235

7

2027724

14

2701107

21

2028160

28

2701142

35

2028616

42

2701197

49

2028884

56

2701239

ODD MID - SEMESTER EXAMINATION SEPTEMBER-OCTOBER,2026

SEATING PLAN
ROOM NO :- CS/IT CR 09
First row would start from left
ROW 1
SR.

ROLL.NO
B.Tech(CSE)

IIIRD SEMESTER
ROW 2

SR.

ROLL.NO
B.Sc.B.T

SR.

ROLL.NO
B.Tech(CSE)

ROW 3

SR.

ROLL.NO
B.Sc.B.T

SR.

ROLL.NO
B.Tech(CSE)

ROW 4

SR.

ROLL.NO
B.Sc.B.T

SR.

ROLL.NO
B.Tech(CSE)

SR.

ROLL.NO
B.Sc.B.T

1

2027593

8

2701062

15

2028039

22

2701130

29

2028390

36

2701203

43

2028696

50

2701250

2

2027599

9

2701065

16

2028163

23

2701138

30

2028460

37

2701211

44

2028746

51

2701251

3

2027685

10

2701087

17

2028183

24

2701144

31

2028474

38

2701238

45

2028758

52

2701253

4

2027806

11

2701100

18

2028252

25

2701175

32

2028492

39

2701242

46

2028789

53

2701254

5

2027897

12

2701116

19

2028609

26

2701192

33

2028628

40

2701244

47

2028799

54

2701255

6

2027969

13

2701117

20

2028372

27

2701196

34

2028665

41

2701246

48

2028844

55

2701256

7

2027994

14

2701122

21

2028387

28

2701198

35

2028674

42

2701249

49

2028859

56

3300011
MA Soci

ODD MID - SEMESTER EXAMINATION SEPTEMBER-OCTOBER,2026

SEATING PLAN
ROOM NO :- CS/IT CR 10
First row would start from left
ROW 1

ROW 2

SR.

ROLL.NO
B.Sc.MICR

2027512

8

2

2027533

3

ROW 3

SR.

ROLL.NO
B.Sc.MICR

2027745

22

16

2027917

3800403

17

11

3800404

2027618

12

6

2027673

7

2027691

ROLL.NO
SR.
B.Tech(CSE)
1

IIIRD SEMESTER

SR.

ROLL.NO
B.Sc.MICR

2028055

36

30

2028134

3800410

31

25

3800411

2027991

26

20

2027999

21

2028015

SR.

ROLL.NO
B.Tech(CSE)

3800401

15

9

3800402

2027552

10

4

2027586

5

ROW 4
SR.

ROLL.NO
B.Tech(CSE)

SR.

ROLL.NO
B.Sc.MICR

3800415

43

2028434

50

3800423

37

3800416

44

2028443

51

3800424

2028147

38

3800417

45

2028498

52

3800425

32

2028194

39

3800418

46

2028006

53

3800426

3800412

33

2028286

40

3800420

47

2028296

54

3800428

27

3800413

34

2028383

41

3800421

48

2028702

55

3800433

28

3800414

35

2028418

42

3800422

49

2028767

56

3800434

SR.

ROLL.NO
B.Tech(CSE)

3800408

29

23

3800409

2027928

24

18

2027989

3800405

19

13

3800406

14

3800407

ODD MID - SEMESTER EXAMINATION SEPTEMBER-OCTOBER,2026

SEATING PLAN
ROOM NO :- CS/IT CR 11
First row would start from left
ROW 1
ROLL.NO
SR.
B.Tech(CSE)

ROW 2

ROLL.NO
SR.
SR.
B.Sc.MICR

ROLL.NO
B.Tech(CSE)

IIIRD SEMESTER

ROW 3

SR.

ROLL.NO
B.Sc.(CS)

SR.

ROLL.NO
B.Tech(CSE)

ROW 4

SR.

ROLL.NO
B.Sc.(CS)

SR.

ROLL.NO
B.Tech(CSE)

SR.

ROLL.NO
B.Sc.(CS)

1

2027550

8

3800427

15

2027877

22

2300454

29

2028389

36

2300462

43

2028728

50

2300470

2

2027556

9

3800429

16

2028003

23

2300455

30

2029011

37

2300463

44

2028731

51

2300471

3

2027634

10

3800430

17

2028068

24

2300456

31

2029023

38

2300464

45

2028764

52

2300473

4

2027650

11

3800431

18

2028150

25

2300458

32

2028489

39

2300465

46

2028771

53

2300474

5

2027700

12

2300451
B.Sc.(CS

19

2028197

26

2300459

33

2028629

40

2300466

47

2028787

54

2300475

6

2027727

13

20

2028246

27

2300460

34

2028663

41

2300468

48

2028879

55

2300476

7

2027809

14

21

2028317

28

2300461

35

2028675

42

2300469

49

2029008

56

2300477

2300452
B.Sc.(CS)

2300453
B.Sc.(CS)

ODD MID - SEMESTER EXAMINATION SEPTEMBER-OCTOBER,2026

SEATING PLAN
ROOM NO :- CS/IT CR 12
First row would start from left
ROW 1

ROW 2

IIIRD SEMESTER

ROW 3

SR.

ROLL.NO
B.Tech(CSE)

SR.

Roll No
SR.
B.Sc.GEOL

ROLL.NO
B.Tech(CSE)

SR.

Roll No
MA.P.SCI

SR.

ROLL.NO
B.Tech(CSE)

SR.

1

2027527

8

5600101

15

2028113

22

6900002

29

2028417

36

2

2027539

9

5600103

16

2028118

23

6900005

30

2028173

3

2027558

10

5600104

17

2028151

24

6900004

31

4

2027602

11

5600105

18

2028185

25

6900010

5

2027632

12

5600106

19

2028228

26

5600109
B.Sc.GEOL

6

2027665

13

5600108

20

2029076

7

2027880

14

5600107

21

2027872

ROW 4
SR.

ROLL.NO
B.Tech(CSE)

SR
.

Roll No
MA.ECO

4900001

43

2028772

50

7000001

37

4900002

44

2028796

51

7000002

2028179

38

4900003

45

2028820

52

7000003

32

2028601

39

4900004

46

2028831

53

33

2028725

40

47

2028849

54

27

34

2028747

41

48

2027973

55

28

35

2028751

42

49

2028491

56

Roll No
B.Sc.(CPSY)

